/*--------------------------------*- C++ -*----------------------------------*\
| =========                 |                                                 |
| \\      /  F ield         | OpenFOAM: The Open Source CFD Toolbox           |
|  \\    /   O peration     | Version:  v1612+                                |
|   \\  /    A nd           | Web:      www.OpenFOAM.com                      |
|    \\/     M anipulation  |                                                 |
\*---------------------------------------------------------------------------*/
FoamFile
{
    version     2.0;
    format      ascii;
    class       faceList;
    location    "1/polyMesh";
    object      faces;
}
// * * * * * * * * * * * * * * * * * * * * * * * * * * * * * * * * * * * * * //


1936
(
4(1 10 91 82)
4(9 90 91 10)
4(81 82 91 90)
4(2 11 92 83)
4(10 91 92 11)
4(82 83 92 91)
4(3 12 93 84)
4(11 92 93 12)
4(83 84 93 92)
4(4 13 94 85)
4(12 93 94 13)
4(84 85 94 93)
4(5 14 95 86)
4(13 94 95 14)
4(85 86 95 94)
4(6 15 96 87)
4(14 95 96 15)
4(86 87 96 95)
4(7 16 97 88)
4(15 96 97 16)
4(87 88 97 96)
4(16 97 98 17)
4(88 89 98 97)
4(10 19 100 91)
4(18 99 100 19)
4(90 91 100 99)
4(11 20 101 92)
4(19 100 101 20)
4(91 92 101 100)
4(12 21 102 93)
4(20 101 102 21)
4(92 93 102 101)
4(13 22 103 94)
4(21 102 103 22)
4(93 94 103 102)
4(14 23 104 95)
4(22 103 104 23)
4(94 95 104 103)
4(15 24 105 96)
4(23 104 105 24)
4(95 96 105 104)
4(16 25 106 97)
4(24 105 106 25)
4(96 97 106 105)
4(25 106 107 26)
4(97 98 107 106)
4(19 28 109 100)
4(27 108 109 28)
4(99 100 109 108)
4(20 29 110 101)
4(28 109 110 29)
4(100 101 110 109)
4(21 30 111 102)
4(29 110 111 30)
4(101 102 111 110)
4(22 31 112 103)
4(30 111 112 31)
4(102 103 112 111)
4(23 32 113 104)
4(31 112 113 32)
4(103 104 113 112)
4(24 33 114 105)
4(32 113 114 33)
4(104 105 114 113)
4(25 34 115 106)
4(33 114 115 34)
4(105 106 115 114)
4(34 115 116 35)
4(106 107 116 115)
4(28 37 118 109)
4(36 117 118 37)
4(108 109 118 117)
4(29 38 119 110)
4(37 118 119 38)
4(109 110 119 118)
4(30 39 120 111)
4(38 119 120 39)
4(110 111 120 119)
4(31 40 121 112)
4(39 120 121 40)
4(111 112 121 120)
4(32 41 122 113)
4(40 121 122 41)
4(112 113 122 121)
4(33 42 123 114)
4(41 122 123 42)
4(113 114 123 122)
4(34 43 124 115)
4(42 123 124 43)
4(114 115 124 123)
4(43 124 125 44)
4(115 116 125 124)
4(37 46 127 118)
4(45 126 127 46)
4(117 118 127 126)
4(38 47 128 119)
4(46 127 128 47)
4(118 119 128 127)
4(39 48 129 120)
4(47 128 129 48)
4(119 120 129 128)
4(40 49 130 121)
4(48 129 130 49)
4(120 121 130 129)
4(41 50 131 122)
4(49 130 131 50)
4(121 122 131 130)
4(42 51 132 123)
4(50 131 132 51)
4(122 123 132 131)
4(43 52 133 124)
4(51 132 133 52)
4(123 124 133 132)
4(52 133 134 53)
4(124 125 134 133)
4(46 55 136 127)
4(54 135 136 55)
4(126 127 136 135)
4(47 56 137 128)
4(55 136 137 56)
4(127 128 137 136)
4(48 57 138 129)
4(56 137 138 57)
4(128 129 138 137)
4(49 58 139 130)
4(57 138 139 58)
4(129 130 139 138)
4(50 59 140 131)
4(58 139 140 59)
4(130 131 140 139)
4(51 60 141 132)
4(59 140 141 60)
4(131 132 141 140)
4(52 61 142 133)
4(60 141 142 61)
4(132 133 142 141)
4(61 142 143 62)
4(133 134 143 142)
4(55 64 145 136)
4(63 144 145 64)
4(135 136 145 144)
4(56 65 146 137)
4(64 145 146 65)
4(136 137 146 145)
4(57 66 147 138)
4(65 146 147 66)
4(137 138 147 146)
4(58 67 148 139)
4(66 147 148 67)
4(138 139 148 147)
4(59 68 149 140)
4(67 148 149 68)
4(139 140 149 148)
4(60 69 150 141)
4(68 149 150 69)
4(140 141 150 149)
4(61 70 151 142)
4(69 150 151 70)
4(141 142 151 150)
4(70 151 152 71)
4(142 143 152 151)
4(64 73 154 145)
4(144 145 154 153)
4(65 74 155 146)
4(145 146 155 154)
4(66 75 156 147)
4(146 147 156 155)
4(67 76 157 148)
4(147 148 157 156)
4(68 77 158 149)
4(148 149 158 157)
4(69 78 159 150)
4(149 150 159 158)
4(70 79 160 151)
4(150 151 160 159)
4(151 152 161 160)
4(82 91 172 163)
4(90 171 172 91)
4(162 163 172 171)
4(83 92 173 164)
4(91 172 173 92)
4(163 164 173 172)
4(84 93 174 165)
4(92 173 174 93)
4(164 165 174 173)
4(85 94 175 166)
4(93 174 175 94)
4(165 166 175 174)
4(86 95 176 167)
4(94 175 176 95)
4(166 167 176 175)
4(87 96 177 168)
4(95 176 177 96)
4(167 168 177 176)
4(88 97 178 169)
4(96 177 178 97)
4(168 169 178 177)
4(97 178 179 98)
4(169 170 179 178)
4(91 100 181 172)
4(99 180 181 100)
4(171 172 181 180)
4(92 101 182 173)
4(100 181 182 101)
4(172 173 182 181)
4(93 102 183 174)
4(101 182 183 102)
4(173 174 183 182)
4(94 103 184 175)
4(102 183 184 103)
4(174 175 184 183)
4(95 104 185 176)
4(103 184 185 104)
4(175 176 185 184)
4(96 105 186 177)
4(104 185 186 105)
4(176 177 186 185)
4(97 106 187 178)
4(105 186 187 106)
4(177 178 187 186)
4(106 187 188 107)
4(178 179 188 187)
4(100 109 190 181)
4(108 189 190 109)
4(180 181 190 189)
4(101 110 191 182)
4(109 190 191 110)
4(181 182 191 190)
4(102 111 192 183)
4(110 191 192 111)
4(182 183 192 191)
4(103 112 193 184)
4(111 192 193 112)
4(183 184 193 192)
4(104 113 194 185)
4(112 193 194 113)
4(184 185 194 193)
4(105 114 195 186)
4(113 194 195 114)
4(185 186 195 194)
4(106 115 196 187)
4(114 195 196 115)
4(186 187 196 195)
4(115 196 197 116)
4(187 188 197 196)
4(109 118 199 190)
4(117 198 199 118)
4(189 190 199 198)
4(110 119 200 191)
4(118 199 200 119)
4(190 191 200 199)
4(111 120 201 192)
4(119 200 201 120)
4(191 192 201 200)
4(112 121 202 193)
4(120 201 202 121)
4(192 193 202 201)
4(113 122 203 194)
4(121 202 203 122)
4(193 194 203 202)
4(114 123 204 195)
4(122 203 204 123)
4(194 195 204 203)
4(115 124 205 196)
4(123 204 205 124)
4(195 196 205 204)
4(124 205 206 125)
4(196 197 206 205)
4(118 127 208 199)
4(126 207 208 127)
4(198 199 208 207)
4(119 128 209 200)
4(127 208 209 128)
4(199 200 209 208)
4(120 129 210 201)
4(128 209 210 129)
4(200 201 210 209)
4(121 130 211 202)
4(129 210 211 130)
4(201 202 211 210)
4(122 131 212 203)
4(130 211 212 131)
4(202 203 212 211)
4(123 132 213 204)
4(131 212 213 132)
4(203 204 213 212)
4(124 133 214 205)
4(132 213 214 133)
4(204 205 214 213)
4(133 214 215 134)
4(205 206 215 214)
4(127 136 217 208)
4(135 216 217 136)
4(207 208 217 216)
4(128 137 218 209)
4(136 217 218 137)
4(208 209 218 217)
4(129 138 219 210)
4(137 218 219 138)
4(209 210 219 218)
4(130 139 220 211)
4(138 219 220 139)
4(210 211 220 219)
4(131 140 221 212)
4(139 220 221 140)
4(211 212 221 220)
4(132 141 222 213)
4(140 221 222 141)
4(212 213 222 221)
4(133 142 223 214)
4(141 222 223 142)
4(213 214 223 222)
4(142 223 224 143)
4(214 215 224 223)
4(136 145 226 217)
4(144 225 226 145)
4(216 217 226 225)
4(137 146 227 218)
4(145 226 227 146)
4(217 218 227 226)
4(138 147 228 219)
4(146 227 228 147)
4(218 219 228 227)
4(139 148 229 220)
4(147 228 229 148)
4(219 220 229 228)
4(140 149 230 221)
4(148 229 230 149)
4(220 221 230 229)
4(141 150 231 222)
4(149 230 231 150)
4(221 222 231 230)
4(142 151 232 223)
4(150 231 232 151)
4(222 223 232 231)
4(151 232 233 152)
4(223 224 233 232)
4(145 154 235 226)
4(225 226 235 234)
4(146 155 236 227)
4(226 227 236 235)
4(147 156 237 228)
4(227 228 237 236)
4(148 157 238 229)
4(228 229 238 237)
4(149 158 239 230)
4(229 230 239 238)
4(150 159 240 231)
4(230 231 240 239)
4(151 160 241 232)
4(231 232 241 240)
4(232 233 242 241)
4(163 172 253 244)
4(171 252 253 172)
4(243 244 253 252)
4(164 173 254 245)
4(172 253 254 173)
4(244 245 254 253)
4(165 174 255 246)
4(173 254 255 174)
4(245 246 255 254)
4(166 175 256 247)
4(174 255 256 175)
4(246 247 256 255)
4(167 176 257 248)
4(175 256 257 176)
4(247 248 257 256)
4(168 177 258 249)
4(176 257 258 177)
4(248 249 258 257)
4(169 178 259 250)
4(177 258 259 178)
4(249 250 259 258)
4(178 259 260 179)
4(250 251 260 259)
4(172 181 262 253)
4(180 261 262 181)
4(252 253 262 261)
4(173 182 263 254)
4(181 262 263 182)
4(253 254 263 262)
4(174 183 264 255)
4(182 263 264 183)
4(254 255 264 263)
4(175 184 265 256)
4(183 264 265 184)
4(255 256 265 264)
4(176 185 266 257)
4(184 265 266 185)
4(256 257 266 265)
4(177 186 267 258)
4(185 266 267 186)
4(257 258 267 266)
4(178 187 268 259)
4(186 267 268 187)
4(258 259 268 267)
4(187 268 269 188)
4(259 260 269 268)
4(181 190 271 262)
4(189 270 271 190)
4(261 262 271 270)
4(182 191 272 263)
4(190 271 272 191)
4(262 263 272 271)
4(183 192 273 264)
4(191 272 273 192)
4(263 264 273 272)
4(184 193 274 265)
4(192 273 274 193)
4(264 265 274 273)
4(185 194 275 266)
4(193 274 275 194)
4(265 266 275 274)
4(186 195 276 267)
4(194 275 276 195)
4(266 267 276 275)
4(187 196 277 268)
4(195 276 277 196)
4(267 268 277 276)
4(196 277 278 197)
4(268 269 278 277)
4(190 199 280 271)
4(198 279 280 199)
4(270 271 280 279)
4(191 200 281 272)
4(199 280 281 200)
4(271 272 281 280)
4(192 201 282 273)
4(200 281 282 201)
4(272 273 282 281)
4(193 202 283 274)
4(201 282 283 202)
4(273 274 283 282)
4(194 203 284 275)
4(202 283 284 203)
4(274 275 284 283)
4(195 204 285 276)
4(203 284 285 204)
4(275 276 285 284)
4(196 205 286 277)
4(204 285 286 205)
4(276 277 286 285)
4(205 286 287 206)
4(277 278 287 286)
4(199 208 289 280)
4(207 288 289 208)
4(279 280 289 288)
4(200 209 290 281)
4(208 289 290 209)
4(280 281 290 289)
4(201 210 291 282)
4(209 290 291 210)
4(281 282 291 290)
4(202 211 292 283)
4(210 291 292 211)
4(282 283 292 291)
4(203 212 293 284)
4(211 292 293 212)
4(283 284 293 292)
4(204 213 294 285)
4(212 293 294 213)
4(284 285 294 293)
4(205 214 295 286)
4(213 294 295 214)
4(285 286 295 294)
4(214 295 296 215)
4(286 287 296 295)
4(208 217 298 289)
4(216 297 298 217)
4(288 289 298 297)
4(209 218 299 290)
4(217 298 299 218)
4(289 290 299 298)
4(210 219 300 291)
4(218 299 300 219)
4(290 291 300 299)
4(211 220 301 292)
4(219 300 301 220)
4(291 292 301 300)
4(212 221 302 293)
4(220 301 302 221)
4(292 293 302 301)
4(213 222 303 294)
4(221 302 303 222)
4(293 294 303 302)
4(214 223 304 295)
4(222 303 304 223)
4(294 295 304 303)
4(223 304 305 224)
4(295 296 305 304)
4(217 226 307 298)
4(225 306 307 226)
4(297 298 307 306)
4(218 227 308 299)
4(226 307 308 227)
4(298 299 308 307)
4(219 228 309 300)
4(227 308 309 228)
4(299 300 309 308)
4(220 229 310 301)
4(228 309 310 229)
4(300 301 310 309)
4(221 230 311 302)
4(229 310 311 230)
4(301 302 311 310)
4(222 231 312 303)
4(230 311 312 231)
4(302 303 312 311)
4(223 232 313 304)
4(231 312 313 232)
4(303 304 313 312)
4(232 313 314 233)
4(304 305 314 313)
4(226 235 316 307)
4(306 307 316 315)
4(227 236 317 308)
4(307 308 317 316)
4(228 237 318 309)
4(308 309 318 317)
4(229 238 319 310)
4(309 310 319 318)
4(230 239 320 311)
4(310 311 320 319)
4(231 240 321 312)
4(311 312 321 320)
4(232 241 322 313)
4(312 313 322 321)
4(313 314 323 322)
4(244 253 334 325)
4(252 333 334 253)
4(324 325 334 333)
4(245 254 335 326)
4(253 334 335 254)
4(325 326 335 334)
4(246 255 336 327)
4(254 335 336 255)
4(326 327 336 335)
4(247 256 337 328)
4(255 336 337 256)
4(327 328 337 336)
4(248 257 338 329)
4(256 337 338 257)
4(328 329 338 337)
4(249 258 339 330)
4(257 338 339 258)
4(329 330 339 338)
4(250 259 340 331)
4(258 339 340 259)
4(330 331 340 339)
4(259 340 341 260)
4(331 332 341 340)
4(253 262 343 334)
4(261 342 343 262)
4(333 334 343 342)
4(254 263 344 335)
4(262 343 344 263)
4(334 335 344 343)
4(255 264 345 336)
4(263 344 345 264)
4(335 336 345 344)
4(256 265 346 337)
4(264 345 346 265)
4(336 337 346 345)
4(257 266 347 338)
4(265 346 347 266)
4(337 338 347 346)
4(258 267 348 339)
4(266 347 348 267)
4(338 339 348 347)
4(259 268 349 340)
4(267 348 349 268)
4(339 340 349 348)
4(268 349 350 269)
4(340 341 350 349)
4(262 271 352 343)
4(270 351 352 271)
4(342 343 352 351)
4(263 272 353 344)
4(271 352 353 272)
4(343 344 353 352)
4(264 273 354 345)
4(272 353 354 273)
4(344 345 354 353)
4(265 274 355 346)
4(273 354 355 274)
4(345 346 355 354)
4(266 275 356 347)
4(274 355 356 275)
4(346 347 356 355)
4(267 276 357 348)
4(275 356 357 276)
4(347 348 357 356)
4(268 277 358 349)
4(276 357 358 277)
4(348 349 358 357)
4(277 358 359 278)
4(349 350 359 358)
4(271 280 361 352)
4(279 360 361 280)
4(351 352 361 360)
4(272 281 362 353)
4(280 361 362 281)
4(352 353 362 361)
4(273 282 363 354)
4(281 362 363 282)
4(353 354 363 362)
4(274 283 364 355)
4(282 363 364 283)
4(354 355 364 363)
4(275 284 365 356)
4(283 364 365 284)
4(355 356 365 364)
4(276 285 366 357)
4(284 365 366 285)
4(356 357 366 365)
4(277 286 367 358)
4(285 366 367 286)
4(357 358 367 366)
4(286 367 368 287)
4(358 359 368 367)
4(280 289 370 361)
4(288 369 370 289)
4(360 361 370 369)
4(281 290 371 362)
4(289 370 371 290)
4(361 362 371 370)
4(282 291 372 363)
4(290 371 372 291)
4(362 363 372 371)
4(283 292 373 364)
4(291 372 373 292)
4(363 364 373 372)
4(284 293 374 365)
4(292 373 374 293)
4(364 365 374 373)
4(285 294 375 366)
4(293 374 375 294)
4(365 366 375 374)
4(286 295 376 367)
4(294 375 376 295)
4(366 367 376 375)
4(295 376 377 296)
4(367 368 377 376)
4(289 298 379 370)
4(297 378 379 298)
4(369 370 379 378)
4(290 299 380 371)
4(298 379 380 299)
4(370 371 380 379)
4(291 300 381 372)
4(299 380 381 300)
4(371 372 381 380)
4(292 301 382 373)
4(300 381 382 301)
4(372 373 382 381)
4(293 302 383 374)
4(301 382 383 302)
4(373 374 383 382)
4(294 303 384 375)
4(302 383 384 303)
4(374 375 384 383)
4(295 304 385 376)
4(303 384 385 304)
4(375 376 385 384)
4(304 385 386 305)
4(376 377 386 385)
4(298 307 388 379)
4(306 387 388 307)
4(378 379 388 387)
4(299 308 389 380)
4(307 388 389 308)
4(379 380 389 388)
4(300 309 390 381)
4(308 389 390 309)
4(380 381 390 389)
4(301 310 391 382)
4(309 390 391 310)
4(381 382 391 390)
4(302 311 392 383)
4(310 391 392 311)
4(382 383 392 391)
4(303 312 393 384)
4(311 392 393 312)
4(383 384 393 392)
4(304 313 394 385)
4(312 393 394 313)
4(384 385 394 393)
4(313 394 395 314)
4(385 386 395 394)
4(307 316 397 388)
4(387 388 397 396)
4(308 317 398 389)
4(388 389 398 397)
4(309 318 399 390)
4(389 390 399 398)
4(310 319 400 391)
4(390 391 400 399)
4(311 320 401 392)
4(391 392 401 400)
4(312 321 402 393)
4(392 393 402 401)
4(313 322 403 394)
4(393 394 403 402)
4(394 395 404 403)
4(325 334 415 406)
4(333 414 415 334)
4(405 406 415 414)
4(326 335 416 407)
4(334 415 416 335)
4(406 407 416 415)
4(327 336 417 408)
4(335 416 417 336)
4(407 408 417 416)
4(328 337 418 409)
4(336 417 418 337)
4(408 409 418 417)
4(329 338 419 410)
4(337 418 419 338)
4(409 410 419 418)
4(330 339 420 411)
4(338 419 420 339)
4(410 411 420 419)
4(331 340 421 412)
4(339 420 421 340)
4(411 412 421 420)
4(340 421 422 341)
4(412 413 422 421)
4(334 343 424 415)
4(342 423 424 343)
4(414 415 424 423)
4(335 344 425 416)
4(343 424 425 344)
4(415 416 425 424)
4(336 345 426 417)
4(344 425 426 345)
4(416 417 426 425)
4(337 346 427 418)
4(345 426 427 346)
4(417 418 427 426)
4(338 347 428 419)
4(346 427 428 347)
4(418 419 428 427)
4(339 348 429 420)
4(347 428 429 348)
4(419 420 429 428)
4(340 349 430 421)
4(348 429 430 349)
4(420 421 430 429)
4(349 430 431 350)
4(421 422 431 430)
4(343 352 433 424)
4(351 432 433 352)
4(423 424 433 432)
4(344 353 434 425)
4(352 433 434 353)
4(424 425 434 433)
4(345 354 435 426)
4(353 434 435 354)
4(425 426 435 434)
4(346 355 436 427)
4(354 435 436 355)
4(426 427 436 435)
4(347 356 437 428)
4(355 436 437 356)
4(427 428 437 436)
4(348 357 438 429)
4(356 437 438 357)
4(428 429 438 437)
4(349 358 439 430)
4(357 438 439 358)
4(429 430 439 438)
4(358 439 440 359)
4(430 431 440 439)
4(352 361 442 433)
4(360 441 442 361)
4(432 433 442 441)
4(353 362 443 434)
4(361 442 443 362)
4(433 434 443 442)
4(354 363 444 435)
4(362 443 444 363)
4(434 435 444 443)
4(355 364 445 436)
4(363 444 445 364)
4(435 436 445 444)
4(356 365 446 437)
4(364 445 446 365)
4(436 437 446 445)
4(357 366 447 438)
4(365 446 447 366)
4(437 438 447 446)
4(358 367 448 439)
4(366 447 448 367)
4(438 439 448 447)
4(367 448 449 368)
4(439 440 449 448)
4(361 370 451 442)
4(369 450 451 370)
4(441 442 451 450)
4(362 371 452 443)
4(370 451 452 371)
4(442 443 452 451)
4(363 372 453 444)
4(371 452 453 372)
4(443 444 453 452)
4(364 373 454 445)
4(372 453 454 373)
4(444 445 454 453)
4(365 374 455 446)
4(373 454 455 374)
4(445 446 455 454)
4(366 375 456 447)
4(374 455 456 375)
4(446 447 456 455)
4(367 376 457 448)
4(375 456 457 376)
4(447 448 457 456)
4(376 457 458 377)
4(448 449 458 457)
4(370 379 460 451)
4(378 459 460 379)
4(450 451 460 459)
4(371 380 461 452)
4(379 460 461 380)
4(451 452 461 460)
4(372 381 462 453)
4(380 461 462 381)
4(452 453 462 461)
4(373 382 463 454)
4(381 462 463 382)
4(453 454 463 462)
4(374 383 464 455)
4(382 463 464 383)
4(454 455 464 463)
4(375 384 465 456)
4(383 464 465 384)
4(455 456 465 464)
4(376 385 466 457)
4(384 465 466 385)
4(456 457 466 465)
4(385 466 467 386)
4(457 458 467 466)
4(379 388 469 460)
4(387 468 469 388)
4(459 460 469 468)
4(380 389 470 461)
4(388 469 470 389)
4(460 461 470 469)
4(381 390 471 462)
4(389 470 471 390)
4(461 462 471 470)
4(382 391 472 463)
4(390 471 472 391)
4(462 463 472 471)
4(383 392 473 464)
4(391 472 473 392)
4(463 464 473 472)
4(384 393 474 465)
4(392 473 474 393)
4(464 465 474 473)
4(385 394 475 466)
4(393 474 475 394)
4(465 466 475 474)
4(394 475 476 395)
4(466 467 476 475)
4(388 397 478 469)
4(468 469 478 477)
4(389 398 479 470)
4(469 470 479 478)
4(390 399 480 471)
4(470 471 480 479)
4(391 400 481 472)
4(471 472 481 480)
4(392 401 482 473)
4(472 473 482 481)
4(393 402 483 474)
4(473 474 483 482)
4(394 403 484 475)
4(474 475 484 483)
4(475 476 485 484)
4(406 415 496 487)
4(414 495 496 415)
4(486 487 496 495)
4(407 416 497 488)
4(415 496 497 416)
4(487 488 497 496)
4(408 417 498 489)
4(416 497 498 417)
4(488 489 498 497)
4(409 418 499 490)
4(417 498 499 418)
4(489 490 499 498)
4(410 419 500 491)
4(418 499 500 419)
4(490 491 500 499)
4(411 420 501 492)
4(419 500 501 420)
4(491 492 501 500)
4(412 421 502 493)
4(420 501 502 421)
4(492 493 502 501)
4(421 502 503 422)
4(493 494 503 502)
4(415 424 505 496)
4(423 504 505 424)
4(495 496 505 504)
4(416 425 506 497)
4(424 505 506 425)
4(496 497 506 505)
4(417 426 507 498)
4(425 506 507 426)
4(497 498 507 506)
4(418 427 508 499)
4(426 507 508 427)
4(498 499 508 507)
4(419 428 509 500)
4(427 508 509 428)
4(499 500 509 508)
4(420 429 510 501)
4(428 509 510 429)
4(500 501 510 509)
4(421 430 511 502)
4(429 510 511 430)
4(501 502 511 510)
4(430 511 512 431)
4(502 503 512 511)
4(424 433 514 505)
4(432 513 514 433)
4(504 505 514 513)
4(425 434 515 506)
4(433 514 515 434)
4(505 506 515 514)
4(426 435 516 507)
4(434 515 516 435)
4(506 507 516 515)
4(427 436 517 508)
4(435 516 517 436)
4(507 508 517 516)
4(428 437 518 509)
4(436 517 518 437)
4(508 509 518 517)
4(429 438 519 510)
4(437 518 519 438)
4(509 510 519 518)
4(430 439 520 511)
4(438 519 520 439)
4(510 511 520 519)
4(439 520 521 440)
4(511 512 521 520)
4(433 442 523 514)
4(441 522 523 442)
4(513 514 523 522)
4(434 443 524 515)
4(442 523 524 443)
4(514 515 524 523)
4(435 444 525 516)
4(443 524 525 444)
4(515 516 525 524)
4(436 445 526 517)
4(444 525 526 445)
4(516 517 526 525)
4(437 446 527 518)
4(445 526 527 446)
4(517 518 527 526)
4(438 447 528 519)
4(446 527 528 447)
4(518 519 528 527)
4(439 448 529 520)
4(447 528 529 448)
4(519 520 529 528)
4(448 529 530 449)
4(520 521 530 529)
4(442 451 532 523)
4(450 531 532 451)
4(522 523 532 531)
4(443 452 533 524)
4(451 532 533 452)
4(523 524 533 532)
4(444 453 534 525)
4(452 533 534 453)
4(524 525 534 533)
4(445 454 535 526)
4(453 534 535 454)
4(525 526 535 534)
4(446 455 536 527)
4(454 535 536 455)
4(526 527 536 535)
4(447 456 537 528)
4(455 536 537 456)
4(527 528 537 536)
4(448 457 538 529)
4(456 537 538 457)
4(528 529 538 537)
4(457 538 539 458)
4(529 530 539 538)
4(451 460 541 532)
4(459 540 541 460)
4(531 532 541 540)
4(452 461 542 533)
4(460 541 542 461)
4(532 533 542 541)
4(453 462 543 534)
4(461 542 543 462)
4(533 534 543 542)
4(454 463 544 535)
4(462 543 544 463)
4(534 535 544 543)
4(455 464 545 536)
4(463 544 545 464)
4(535 536 545 544)
4(456 465 546 537)
4(464 545 546 465)
4(536 537 546 545)
4(457 466 547 538)
4(465 546 547 466)
4(537 538 547 546)
4(466 547 548 467)
4(538 539 548 547)
4(460 469 550 541)
4(468 549 550 469)
4(540 541 550 549)
4(461 470 551 542)
4(469 550 551 470)
4(541 542 551 550)
4(462 471 552 543)
4(470 551 552 471)
4(542 543 552 551)
4(463 472 553 544)
4(471 552 553 472)
4(543 544 553 552)
4(464 473 554 545)
4(472 553 554 473)
4(544 545 554 553)
4(465 474 555 546)
4(473 554 555 474)
4(545 546 555 554)
4(466 475 556 547)
4(474 555 556 475)
4(546 547 556 555)
4(475 556 557 476)
4(547 548 557 556)
4(469 478 559 550)
4(549 550 559 558)
4(470 479 560 551)
4(550 551 560 559)
4(471 480 561 552)
4(551 552 561 560)
4(472 481 562 553)
4(552 553 562 561)
4(473 482 563 554)
4(553 554 563 562)
4(474 483 564 555)
4(554 555 564 563)
4(475 484 565 556)
4(555 556 565 564)
4(556 557 566 565)
4(487 496 577 568)
4(495 576 577 496)
4(567 568 577 576)
4(488 497 578 569)
4(496 577 578 497)
4(568 569 578 577)
4(489 498 579 570)
4(497 578 579 498)
4(569 570 579 578)
4(490 499 580 571)
4(498 579 580 499)
4(570 571 580 579)
4(491 500 581 572)
4(499 580 581 500)
4(571 572 581 580)
4(492 501 582 573)
4(500 581 582 501)
4(572 573 582 581)
4(493 502 583 574)
4(501 582 583 502)
4(573 574 583 582)
4(502 583 584 503)
4(574 575 584 583)
4(496 505 586 577)
4(504 585 586 505)
4(576 577 586 585)
4(497 506 587 578)
4(505 586 587 506)
4(577 578 587 586)
4(498 507 588 579)
4(506 587 588 507)
4(578 579 588 587)
4(499 508 589 580)
4(507 588 589 508)
4(579 580 589 588)
4(500 509 590 581)
4(508 589 590 509)
4(580 581 590 589)
4(501 510 591 582)
4(509 590 591 510)
4(581 582 591 590)
4(502 511 592 583)
4(510 591 592 511)
4(582 583 592 591)
4(511 592 593 512)
4(583 584 593 592)
4(505 514 595 586)
4(513 594 595 514)
4(585 586 595 594)
4(506 515 596 587)
4(514 595 596 515)
4(586 587 596 595)
4(507 516 597 588)
4(515 596 597 516)
4(587 588 597 596)
4(508 517 598 589)
4(516 597 598 517)
4(588 589 598 597)
4(509 518 599 590)
4(517 598 599 518)
4(589 590 599 598)
4(510 519 600 591)
4(518 599 600 519)
4(590 591 600 599)
4(511 520 601 592)
4(519 600 601 520)
4(591 592 601 600)
4(520 601 602 521)
4(592 593 602 601)
4(514 523 604 595)
4(522 603 604 523)
4(594 595 604 603)
4(515 524 605 596)
4(523 604 605 524)
4(595 596 605 604)
4(516 525 606 597)
4(524 605 606 525)
4(596 597 606 605)
4(517 526 607 598)
4(525 606 607 526)
4(597 598 607 606)
4(518 527 608 599)
4(526 607 608 527)
4(598 599 608 607)
4(519 528 609 600)
4(527 608 609 528)
4(599 600 609 608)
4(520 529 610 601)
4(528 609 610 529)
4(600 601 610 609)
4(529 610 611 530)
4(601 602 611 610)
4(523 532 613 604)
4(531 612 613 532)
4(603 604 613 612)
4(524 533 614 605)
4(532 613 614 533)
4(604 605 614 613)
4(525 534 615 606)
4(533 614 615 534)
4(605 606 615 614)
4(526 535 616 607)
4(534 615 616 535)
4(606 607 616 615)
4(527 536 617 608)
4(535 616 617 536)
4(607 608 617 616)
4(528 537 618 609)
4(536 617 618 537)
4(608 609 618 617)
4(529 538 619 610)
4(537 618 619 538)
4(609 610 619 618)
4(538 619 620 539)
4(610 611 620 619)
4(532 541 622 613)
4(540 621 622 541)
4(612 613 622 621)
4(533 542 623 614)
4(541 622 623 542)
4(613 614 623 622)
4(534 543 624 615)
4(542 623 624 543)
4(614 615 624 623)
4(535 544 625 616)
4(543 624 625 544)
4(615 616 625 624)
4(536 545 626 617)
4(544 625 626 545)
4(616 617 626 625)
4(537 546 627 618)
4(545 626 627 546)
4(617 618 627 626)
4(538 547 628 619)
4(546 627 628 547)
4(618 619 628 627)
4(547 628 629 548)
4(619 620 629 628)
4(541 550 631 622)
4(549 630 631 550)
4(621 622 631 630)
4(542 551 632 623)
4(550 631 632 551)
4(622 623 632 631)
4(543 552 633 624)
4(551 632 633 552)
4(623 624 633 632)
4(544 553 634 625)
4(552 633 634 553)
4(624 625 634 633)
4(545 554 635 626)
4(553 634 635 554)
4(625 626 635 634)
4(546 555 636 627)
4(554 635 636 555)
4(626 627 636 635)
4(547 556 637 628)
4(555 636 637 556)
4(627 628 637 636)
4(556 637 638 557)
4(628 629 638 637)
4(550 559 640 631)
4(630 631 640 639)
4(551 560 641 632)
4(631 632 641 640)
4(552 561 642 633)
4(632 633 642 641)
4(553 562 643 634)
4(633 634 643 642)
4(554 563 644 635)
4(634 635 644 643)
4(555 564 645 636)
4(635 636 645 644)
4(556 565 646 637)
4(636 637 646 645)
4(637 638 647 646)
4(568 577 658 649)
4(576 657 658 577)
4(648 649 658 657)
4(569 578 659 650)
4(577 658 659 578)
4(649 650 659 658)
4(570 579 660 651)
4(578 659 660 579)
4(650 651 660 659)
4(571 580 661 652)
4(579 660 661 580)
4(651 652 661 660)
4(572 581 662 653)
4(580 661 662 581)
4(652 653 662 661)
4(573 582 663 654)
4(581 662 663 582)
4(653 654 663 662)
4(574 583 664 655)
4(582 663 664 583)
4(654 655 664 663)
4(583 664 665 584)
4(655 656 665 664)
4(577 586 667 658)
4(585 666 667 586)
4(657 658 667 666)
4(578 587 668 659)
4(586 667 668 587)
4(658 659 668 667)
4(579 588 669 660)
4(587 668 669 588)
4(659 660 669 668)
4(580 589 670 661)
4(588 669 670 589)
4(660 661 670 669)
4(581 590 671 662)
4(589 670 671 590)
4(661 662 671 670)
4(582 591 672 663)
4(590 671 672 591)
4(662 663 672 671)
4(583 592 673 664)
4(591 672 673 592)
4(663 664 673 672)
4(592 673 674 593)
4(664 665 674 673)
4(586 595 676 667)
4(594 675 676 595)
4(666 667 676 675)
4(587 596 677 668)
4(595 676 677 596)
4(667 668 677 676)
4(588 597 678 669)
4(596 677 678 597)
4(668 669 678 677)
4(589 598 679 670)
4(597 678 679 598)
4(669 670 679 678)
4(590 599 680 671)
4(598 679 680 599)
4(670 671 680 679)
4(591 600 681 672)
4(599 680 681 600)
4(671 672 681 680)
4(592 601 682 673)
4(600 681 682 601)
4(672 673 682 681)
4(601 682 683 602)
4(673 674 683 682)
4(595 604 685 676)
4(603 684 685 604)
4(675 676 685 684)
4(596 605 686 677)
4(604 685 686 605)
4(676 677 686 685)
4(597 606 687 678)
4(605 686 687 606)
4(677 678 687 686)
4(598 607 688 679)
4(606 687 688 607)
4(678 679 688 687)
4(599 608 689 680)
4(607 688 689 608)
4(679 680 689 688)
4(600 609 690 681)
4(608 689 690 609)
4(680 681 690 689)
4(601 610 691 682)
4(609 690 691 610)
4(681 682 691 690)
4(610 691 692 611)
4(682 683 692 691)
4(604 613 694 685)
4(612 693 694 613)
4(684 685 694 693)
4(605 614 695 686)
4(613 694 695 614)
4(685 686 695 694)
4(606 615 696 687)
4(614 695 696 615)
4(686 687 696 695)
4(607 616 697 688)
4(615 696 697 616)
4(687 688 697 696)
4(608 617 698 689)
4(616 697 698 617)
4(688 689 698 697)
4(609 618 699 690)
4(617 698 699 618)
4(689 690 699 698)
4(610 619 700 691)
4(618 699 700 619)
4(690 691 700 699)
4(619 700 701 620)
4(691 692 701 700)
4(613 622 703 694)
4(621 702 703 622)
4(693 694 703 702)
4(614 623 704 695)
4(622 703 704 623)
4(694 695 704 703)
4(615 624 705 696)
4(623 704 705 624)
4(695 696 705 704)
4(616 625 706 697)
4(624 705 706 625)
4(696 697 706 705)
4(617 626 707 698)
4(625 706 707 626)
4(697 698 707 706)
4(618 627 708 699)
4(626 707 708 627)
4(698 699 708 707)
4(619 628 709 700)
4(627 708 709 628)
4(699 700 709 708)
4(628 709 710 629)
4(700 701 710 709)
4(622 631 712 703)
4(630 711 712 631)
4(702 703 712 711)
4(623 632 713 704)
4(631 712 713 632)
4(703 704 713 712)
4(624 633 714 705)
4(632 713 714 633)
4(704 705 714 713)
4(625 634 715 706)
4(633 714 715 634)
4(705 706 715 714)
4(626 635 716 707)
4(634 715 716 635)
4(706 707 716 715)
4(627 636 717 708)
4(635 716 717 636)
4(707 708 717 716)
4(628 637 718 709)
4(636 717 718 637)
4(708 709 718 717)
4(637 718 719 638)
4(709 710 719 718)
4(631 640 721 712)
4(711 712 721 720)
4(632 641 722 713)
4(712 713 722 721)
4(633 642 723 714)
4(713 714 723 722)
4(634 643 724 715)
4(714 715 724 723)
4(635 644 725 716)
4(715 716 725 724)
4(636 645 726 717)
4(716 717 726 725)
4(637 646 727 718)
4(717 718 727 726)
4(718 719 728 727)
4(649 658 739 730)
4(657 738 739 658)
4(650 659 740 731)
4(658 739 740 659)
4(651 660 741 732)
4(659 740 741 660)
4(652 661 742 733)
4(660 741 742 661)
4(653 662 743 734)
4(661 742 743 662)
4(654 663 744 735)
4(662 743 744 663)
4(655 664 745 736)
4(663 744 745 664)
4(664 745 746 665)
4(658 667 748 739)
4(666 747 748 667)
4(659 668 749 740)
4(667 748 749 668)
4(660 669 750 741)
4(668 749 750 669)
4(661 670 751 742)
4(669 750 751 670)
4(662 671 752 743)
4(670 751 752 671)
4(663 672 753 744)
4(671 752 753 672)
4(664 673 754 745)
4(672 753 754 673)
4(673 754 755 674)
4(667 676 757 748)
4(675 756 757 676)
4(668 677 758 749)
4(676 757 758 677)
4(669 678 759 750)
4(677 758 759 678)
4(670 679 760 751)
4(678 759 760 679)
4(671 680 761 752)
4(679 760 761 680)
4(672 681 762 753)
4(680 761 762 681)
4(673 682 763 754)
4(681 762 763 682)
4(682 763 764 683)
4(676 685 766 757)
4(684 765 766 685)
4(677 686 767 758)
4(685 766 767 686)
4(678 687 768 759)
4(686 767 768 687)
4(679 688 769 760)
4(687 768 769 688)
4(680 689 770 761)
4(688 769 770 689)
4(681 690 771 762)
4(689 770 771 690)
4(682 691 772 763)
4(690 771 772 691)
4(691 772 773 692)
4(685 694 775 766)
4(693 774 775 694)
4(686 695 776 767)
4(694 775 776 695)
4(687 696 777 768)
4(695 776 777 696)
4(688 697 778 769)
4(696 777 778 697)
4(689 698 779 770)
4(697 778 779 698)
4(690 699 780 771)
4(698 779 780 699)
4(691 700 781 772)
4(699 780 781 700)
4(700 781 782 701)
4(694 703 784 775)
4(702 783 784 703)
4(695 704 785 776)
4(703 784 785 704)
4(696 705 786 777)
4(704 785 786 705)
4(697 706 787 778)
4(705 786 787 706)
4(698 707 788 779)
4(706 787 788 707)
4(699 708 789 780)
4(707 788 789 708)
4(700 709 790 781)
4(708 789 790 709)
4(709 790 791 710)
4(703 712 793 784)
4(711 792 793 712)
4(704 713 794 785)
4(712 793 794 713)
4(705 714 795 786)
4(713 794 795 714)
4(706 715 796 787)
4(714 795 796 715)
4(707 716 797 788)
4(715 796 797 716)
4(708 717 798 789)
4(716 797 798 717)
4(709 718 799 790)
4(717 798 799 718)
4(718 799 800 719)
4(712 721 802 793)
4(713 722 803 794)
4(714 723 804 795)
4(715 724 805 796)
4(716 725 806 797)
4(717 726 807 798)
4(718 727 808 799)
4(8 17 98 89)
4(17 26 107 98)
4(26 35 116 107)
4(35 44 125 116)
4(44 53 134 125)
4(53 62 143 134)
4(62 71 152 143)
4(72 153 154 73)
4(73 154 155 74)
4(74 155 156 75)
4(75 156 157 76)
4(76 157 158 77)
4(77 158 159 78)
4(78 159 160 79)
4(71 80 161 152)
4(79 160 161 80)
4(89 98 179 170)
4(98 107 188 179)
4(107 116 197 188)
4(116 125 206 197)
4(125 134 215 206)
4(134 143 224 215)
4(143 152 233 224)
4(153 234 235 154)
4(154 235 236 155)
4(155 236 237 156)
4(156 237 238 157)
4(157 238 239 158)
4(158 239 240 159)
4(159 240 241 160)
4(152 161 242 233)
4(160 241 242 161)
4(170 179 260 251)
4(179 188 269 260)
4(188 197 278 269)
4(197 206 287 278)
4(206 215 296 287)
4(215 224 305 296)
4(224 233 314 305)
4(234 315 316 235)
4(235 316 317 236)
4(236 317 318 237)
4(237 318 319 238)
4(238 319 320 239)
4(239 320 321 240)
4(240 321 322 241)
4(233 242 323 314)
4(241 322 323 242)
4(251 260 341 332)
4(260 269 350 341)
4(269 278 359 350)
4(278 287 368 359)
4(287 296 377 368)
4(296 305 386 377)
4(305 314 395 386)
4(315 396 397 316)
4(316 397 398 317)
4(317 398 399 318)
4(318 399 400 319)
4(319 400 401 320)
4(320 401 402 321)
4(321 402 403 322)
4(314 323 404 395)
4(322 403 404 323)
4(332 341 422 413)
4(341 350 431 422)
4(350 359 440 431)
4(359 368 449 440)
4(368 377 458 449)
4(377 386 467 458)
4(386 395 476 467)
4(396 477 478 397)
4(397 478 479 398)
4(398 479 480 399)
4(399 480 481 400)
4(400 481 482 401)
4(401 482 483 402)
4(402 483 484 403)
4(395 404 485 476)
4(403 484 485 404)
4(413 422 503 494)
4(422 431 512 503)
4(431 440 521 512)
4(440 449 530 521)
4(449 458 539 530)
4(458 467 548 539)
4(467 476 557 548)
4(477 558 559 478)
4(478 559 560 479)
4(479 560 561 480)
4(480 561 562 481)
4(481 562 563 482)
4(482 563 564 483)
4(483 564 565 484)
4(476 485 566 557)
4(484 565 566 485)
4(494 503 584 575)
4(503 512 593 584)
4(512 521 602 593)
4(521 530 611 602)
4(530 539 620 611)
4(539 548 629 620)
4(548 557 638 629)
4(558 639 640 559)
4(559 640 641 560)
4(560 641 642 561)
4(561 642 643 562)
4(562 643 644 563)
4(563 644 645 564)
4(564 645 646 565)
4(557 566 647 638)
4(565 646 647 566)
4(575 584 665 656)
4(584 593 674 665)
4(593 602 683 674)
4(602 611 692 683)
4(611 620 701 692)
4(620 629 710 701)
4(629 638 719 710)
4(639 720 721 640)
4(640 721 722 641)
4(641 722 723 642)
4(642 723 724 643)
4(643 724 725 644)
4(644 725 726 645)
4(645 726 727 646)
4(638 647 728 719)
4(646 727 728 647)
4(656 665 746 737)
4(665 674 755 746)
4(674 683 764 755)
4(683 692 773 764)
4(692 701 782 773)
4(701 710 791 782)
4(710 719 800 791)
4(720 801 802 721)
4(721 802 803 722)
4(722 803 804 723)
4(723 804 805 724)
4(724 805 806 725)
4(725 806 807 726)
4(726 807 808 727)
4(719 728 809 800)
4(727 808 809 728)
4(0 1 82 81)
4(1 2 83 82)
4(2 3 84 83)
4(3 4 85 84)
4(4 5 86 85)
4(5 6 87 86)
4(6 7 88 87)
4(7 8 89 88)
4(0 81 90 9)
4(9 90 99 18)
4(18 99 108 27)
4(27 108 117 36)
4(36 117 126 45)
4(45 126 135 54)
4(54 135 144 63)
4(63 144 153 72)
4(81 82 163 162)
4(82 83 164 163)
4(83 84 165 164)
4(84 85 166 165)
4(85 86 167 166)
4(86 87 168 167)
4(87 88 169 168)
4(88 89 170 169)
4(81 162 171 90)
4(90 171 180 99)
4(99 180 189 108)
4(108 189 198 117)
4(117 198 207 126)
4(126 207 216 135)
4(135 216 225 144)
4(144 225 234 153)
4(162 163 244 243)
4(163 164 245 244)
4(164 165 246 245)
4(165 166 247 246)
4(166 167 248 247)
4(167 168 249 248)
4(168 169 250 249)
4(169 170 251 250)
4(162 243 252 171)
4(171 252 261 180)
4(180 261 270 189)
4(189 270 279 198)
4(198 279 288 207)
4(207 288 297 216)
4(216 297 306 225)
4(225 306 315 234)
4(243 244 325 324)
4(244 245 326 325)
4(245 246 327 326)
4(246 247 328 327)
4(247 248 329 328)
4(248 249 330 329)
4(249 250 331 330)
4(250 251 332 331)
4(243 324 333 252)
4(252 333 342 261)
4(261 342 351 270)
4(270 351 360 279)
4(279 360 369 288)
4(288 369 378 297)
4(297 378 387 306)
4(306 387 396 315)
4(324 325 406 405)
4(325 326 407 406)
4(326 327 408 407)
4(327 328 409 408)
4(328 329 410 409)
4(329 330 411 410)
4(330 331 412 411)
4(331 332 413 412)
4(324 405 414 333)
4(333 414 423 342)
4(342 423 432 351)
4(351 432 441 360)
4(360 441 450 369)
4(369 450 459 378)
4(378 459 468 387)
4(387 468 477 396)
4(405 406 487 486)
4(406 407 488 487)
4(407 408 489 488)
4(408 409 490 489)
4(409 410 491 490)
4(410 411 492 491)
4(411 412 493 492)
4(412 413 494 493)
4(405 486 495 414)
4(414 495 504 423)
4(423 504 513 432)
4(432 513 522 441)
4(441 522 531 450)
4(450 531 540 459)
4(459 540 549 468)
4(468 549 558 477)
4(486 487 568 567)
4(487 488 569 568)
4(488 489 570 569)
4(489 490 571 570)
4(490 491 572 571)
4(491 492 573 572)
4(492 493 574 573)
4(493 494 575 574)
4(486 567 576 495)
4(495 576 585 504)
4(504 585 594 513)
4(513 594 603 522)
4(522 603 612 531)
4(531 612 621 540)
4(540 621 630 549)
4(549 630 639 558)
4(567 568 649 648)
4(568 569 650 649)
4(569 570 651 650)
4(570 571 652 651)
4(571 572 653 652)
4(572 573 654 653)
4(573 574 655 654)
4(574 575 656 655)
4(567 648 657 576)
4(576 657 666 585)
4(585 666 675 594)
4(594 675 684 603)
4(603 684 693 612)
4(612 693 702 621)
4(621 702 711 630)
4(630 711 720 639)
4(648 649 730 729)
4(649 650 731 730)
4(650 651 732 731)
4(651 652 733 732)
4(652 653 734 733)
4(653 654 735 734)
4(654 655 736 735)
4(655 656 737 736)
4(648 729 738 657)
4(657 738 747 666)
4(666 747 756 675)
4(675 756 765 684)
4(684 765 774 693)
4(693 774 783 702)
4(702 783 792 711)
4(711 792 801 720)
4(729 730 739 738)
4(730 731 740 739)
4(731 732 741 740)
4(732 733 742 741)
4(733 734 743 742)
4(734 735 744 743)
4(735 736 745 744)
4(736 737 746 745)
4(738 739 748 747)
4(739 740 749 748)
4(740 741 750 749)
4(741 742 751 750)
4(742 743 752 751)
4(743 744 753 752)
4(744 745 754 753)
4(745 746 755 754)
4(747 748 757 756)
4(748 749 758 757)
4(749 750 759 758)
4(750 751 760 759)
4(751 752 761 760)
4(752 753 762 761)
4(753 754 763 762)
4(754 755 764 763)
4(756 757 766 765)
4(757 758 767 766)
4(758 759 768 767)
4(759 760 769 768)
4(760 761 770 769)
4(761 762 771 770)
4(762 763 772 771)
4(763 764 773 772)
4(765 766 775 774)
4(766 767 776 775)
4(767 768 777 776)
4(768 769 778 777)
4(769 770 779 778)
4(770 771 780 779)
4(771 772 781 780)
4(772 773 782 781)
4(774 775 784 783)
4(775 776 785 784)
4(776 777 786 785)
4(777 778 787 786)
4(778 779 788 787)
4(779 780 789 788)
4(780 781 790 789)
4(781 782 791 790)
4(783 784 793 792)
4(784 785 794 793)
4(785 786 795 794)
4(786 787 796 795)
4(787 788 797 796)
4(788 789 798 797)
4(789 790 799 798)
4(790 791 800 799)
4(792 793 802 801)
4(793 794 803 802)
4(794 795 804 803)
4(795 796 805 804)
4(796 797 806 805)
4(797 798 807 806)
4(798 799 808 807)
4(799 800 809 808)
4(0 9 10 1)
4(1 10 11 2)
4(2 11 12 3)
4(3 12 13 4)
4(4 13 14 5)
4(5 14 15 6)
4(6 15 16 7)
4(7 16 17 8)
4(9 18 19 10)
4(10 19 20 11)
4(11 20 21 12)
4(12 21 22 13)
4(13 22 23 14)
4(14 23 24 15)
4(15 24 25 16)
4(16 25 26 17)
4(18 27 28 19)
4(19 28 29 20)
4(20 29 30 21)
4(21 30 31 22)
4(22 31 32 23)
4(23 32 33 24)
4(24 33 34 25)
4(25 34 35 26)
4(27 36 37 28)
4(28 37 38 29)
4(29 38 39 30)
4(30 39 40 31)
4(31 40 41 32)
4(32 41 42 33)
4(33 42 43 34)
4(34 43 44 35)
4(36 45 46 37)
4(37 46 47 38)
4(38 47 48 39)
4(39 48 49 40)
4(40 49 50 41)
4(41 50 51 42)
4(42 51 52 43)
4(43 52 53 44)
4(45 54 55 46)
4(46 55 56 47)
4(47 56 57 48)
4(48 57 58 49)
4(49 58 59 50)
4(50 59 60 51)
4(51 60 61 52)
4(52 61 62 53)
4(54 63 64 55)
4(55 64 65 56)
4(56 65 66 57)
4(57 66 67 58)
4(58 67 68 59)
4(59 68 69 60)
4(60 69 70 61)
4(61 70 71 62)
4(63 72 73 64)
4(64 73 74 65)
4(65 74 75 66)
4(66 75 76 67)
4(67 76 77 68)
4(68 77 78 69)
4(69 78 79 70)
4(70 79 80 71)
)


// ************************************************************************* //
