/*--------------------------------*- C++ -*----------------------------------*\
| =========                 |                                                 |
| \\      /  F ield         | OpenFOAM: The Open Source CFD Toolbox           |
|  \\    /   O peration     | Version:  v1612+                                |
|   \\  /    A nd           | Web:      www.OpenFOAM.com                      |
|    \\/     M anipulation  |                                                 |
\*---------------------------------------------------------------------------*/
FoamFile
{
    version     2.0;
    format      ascii;
    class       labelList;
    note        "nPoints:810  nCells:576  nFaces:1936  nInternalFaces:1520";
    location    "1/polyMesh";
    object      neighbour;
}
// * * * * * * * * * * * * * * * * * * * * * * * * * * * * * * * * * * * * * //


1520
(
1
8
64
2
9
65
3
10
66
4
11
67
5
12
68
6
13
69
7
14
70
15
71
9
16
72
10
17
73
11
18
74
12
19
75
13
20
76
14
21
77
15
22
78
23
79
17
24
80
18
25
81
19
26
82
20
27
83
21
28
84
22
29
85
23
30
86
31
87
25
32
88
26
33
89
27
34
90
28
35
91
29
36
92
30
37
93
31
38
94
39
95
33
40
96
34
41
97
35
42
98
36
43
99
37
44
100
38
45
101
39
46
102
47
103
41
48
104
42
49
105
43
50
106
44
51
107
45
52
108
46
53
109
47
54
110
55
111
49
56
112
50
57
113
51
58
114
52
59
115
53
60
116
54
61
117
55
62
118
63
119
57
120
58
121
59
122
60
123
61
124
62
125
63
126
127
65
72
128
66
73
129
67
74
130
68
75
131
69
76
132
70
77
133
71
78
134
79
135
73
80
136
74
81
137
75
82
138
76
83
139
77
84
140
78
85
141
79
86
142
87
143
81
88
144
82
89
145
83
90
146
84
91
147
85
92
148
86
93
149
87
94
150
95
151
89
96
152
90
97
153
91
98
154
92
99
155
93
100
156
94
101
157
95
102
158
103
159
97
104
160
98
105
161
99
106
162
100
107
163
101
108
164
102
109
165
103
110
166
111
167
105
112
168
106
113
169
107
114
170
108
115
171
109
116
172
110
117
173
111
118
174
119
175
113
120
176
114
121
177
115
122
178
116
123
179
117
124
180
118
125
181
119
126
182
127
183
121
184
122
185
123
186
124
187
125
188
126
189
127
190
191
129
136
192
130
137
193
131
138
194
132
139
195
133
140
196
134
141
197
135
142
198
143
199
137
144
200
138
145
201
139
146
202
140
147
203
141
148
204
142
149
205
143
150
206
151
207
145
152
208
146
153
209
147
154
210
148
155
211
149
156
212
150
157
213
151
158
214
159
215
153
160
216
154
161
217
155
162
218
156
163
219
157
164
220
158
165
221
159
166
222
167
223
161
168
224
162
169
225
163
170
226
164
171
227
165
172
228
166
173
229
167
174
230
175
231
169
176
232
170
177
233
171
178
234
172
179
235
173
180
236
174
181
237
175
182
238
183
239
177
184
240
178
185
241
179
186
242
180
187
243
181
188
244
182
189
245
183
190
246
191
247
185
248
186
249
187
250
188
251
189
252
190
253
191
254
255
193
200
256
194
201
257
195
202
258
196
203
259
197
204
260
198
205
261
199
206
262
207
263
201
208
264
202
209
265
203
210
266
204
211
267
205
212
268
206
213
269
207
214
270
215
271
209
216
272
210
217
273
211
218
274
212
219
275
213
220
276
214
221
277
215
222
278
223
279
217
224
280
218
225
281
219
226
282
220
227
283
221
228
284
222
229
285
223
230
286
231
287
225
232
288
226
233
289
227
234
290
228
235
291
229
236
292
230
237
293
231
238
294
239
295
233
240
296
234
241
297
235
242
298
236
243
299
237
244
300
238
245
301
239
246
302
247
303
241
248
304
242
249
305
243
250
306
244
251
307
245
252
308
246
253
309
247
254
310
255
311
249
312
250
313
251
314
252
315
253
316
254
317
255
318
319
257
264
320
258
265
321
259
266
322
260
267
323
261
268
324
262
269
325
263
270
326
271
327
265
272
328
266
273
329
267
274
330
268
275
331
269
276
332
270
277
333
271
278
334
279
335
273
280
336
274
281
337
275
282
338
276
283
339
277
284
340
278
285
341
279
286
342
287
343
281
288
344
282
289
345
283
290
346
284
291
347
285
292
348
286
293
349
287
294
350
295
351
289
296
352
290
297
353
291
298
354
292
299
355
293
300
356
294
301
357
295
302
358
303
359
297
304
360
298
305
361
299
306
362
300
307
363
301
308
364
302
309
365
303
310
366
311
367
305
312
368
306
313
369
307
314
370
308
315
371
309
316
372
310
317
373
311
318
374
319
375
313
376
314
377
315
378
316
379
317
380
318
381
319
382
383
321
328
384
322
329
385
323
330
386
324
331
387
325
332
388
326
333
389
327
334
390
335
391
329
336
392
330
337
393
331
338
394
332
339
395
333
340
396
334
341
397
335
342
398
343
399
337
344
400
338
345
401
339
346
402
340
347
403
341
348
404
342
349
405
343
350
406
351
407
345
352
408
346
353
409
347
354
410
348
355
411
349
356
412
350
357
413
351
358
414
359
415
353
360
416
354
361
417
355
362
418
356
363
419
357
364
420
358
365
421
359
366
422
367
423
361
368
424
362
369
425
363
370
426
364
371
427
365
372
428
366
373
429
367
374
430
375
431
369
376
432
370
377
433
371
378
434
372
379
435
373
380
436
374
381
437
375
382
438
383
439
377
440
378
441
379
442
380
443
381
444
382
445
383
446
447
385
392
448
386
393
449
387
394
450
388
395
451
389
396
452
390
397
453
391
398
454
399
455
393
400
456
394
401
457
395
402
458
396
403
459
397
404
460
398
405
461
399
406
462
407
463
401
408
464
402
409
465
403
410
466
404
411
467
405
412
468
406
413
469
407
414
470
415
471
409
416
472
410
417
473
411
418
474
412
419
475
413
420
476
414
421
477
415
422
478
423
479
417
424
480
418
425
481
419
426
482
420
427
483
421
428
484
422
429
485
423
430
486
431
487
425
432
488
426
433
489
427
434
490
428
435
491
429
436
492
430
437
493
431
438
494
439
495
433
440
496
434
441
497
435
442
498
436
443
499
437
444
500
438
445
501
439
446
502
447
503
441
504
442
505
443
506
444
507
445
508
446
509
447
510
511
449
456
512
450
457
513
451
458
514
452
459
515
453
460
516
454
461
517
455
462
518
463
519
457
464
520
458
465
521
459
466
522
460
467
523
461
468
524
462
469
525
463
470
526
471
527
465
472
528
466
473
529
467
474
530
468
475
531
469
476
532
470
477
533
471
478
534
479
535
473
480
536
474
481
537
475
482
538
476
483
539
477
484
540
478
485
541
479
486
542
487
543
481
488
544
482
489
545
483
490
546
484
491
547
485
492
548
486
493
549
487
494
550
495
551
489
496
552
490
497
553
491
498
554
492
499
555
493
500
556
494
501
557
495
502
558
503
559
497
504
560
498
505
561
499
506
562
500
507
563
501
508
564
502
509
565
503
510
566
511
567
505
568
506
569
507
570
508
571
509
572
510
573
511
574
575
513
520
514
521
515
522
516
523
517
524
518
525
519
526
527
521
528
522
529
523
530
524
531
525
532
526
533
527
534
535
529
536
530
537
531
538
532
539
533
540
534
541
535
542
543
537
544
538
545
539
546
540
547
541
548
542
549
543
550
551
545
552
546
553
547
554
548
555
549
556
550
557
551
558
559
553
560
554
561
555
562
556
563
557
564
558
565
559
566
567
561
568
562
569
563
570
564
571
565
572
566
573
567
574
575
569
570
571
572
573
574
575
)


// ************************************************************************* //
