/*--------------------------------*- C++ -*----------------------------------*\
| =========                 |                                                 |
| \\      /  F ield         | OpenFOAM: The Open Source CFD Toolbox           |
|  \\    /   O peration     | Version:  v3.0+                                 |
|   \\  /    A nd           | Web:      www.OpenFOAM.org                      |
|    \\/     M anipulation  |                                                 |
\*---------------------------------------------------------------------------*/
/*Generated by Butterfly 0.0.1 https://github.com/mostaphaRoudsari/Butterfly *\
\*---------------------------------------------------------------------------*/

functions
{

    probes
    {

        functionObjectLibs		("libsampling.so");

        type		probes;

        name		probes;

        fields		(U  p);

        probeLocations		((-3.5  6.5  1.75) (-3.5  7.5  1.75) (-3.5  8.5  1.75) (-3.5  9.5  1.75) (-3.5  10.5  1.75) (-3.5  11.5  1.75) (-3.5  12.5  1.75) (-3.5  13.5  1.75) (-3.5  14.5  1.75) (-3.5  15.5  1.75) (-3.5  16.5  1.75) (-3.5  17.5  1.75) (-3.5  18.5  1.75) (-3.5  19.5  1.75) (-3.5  20.5  1.75) (-3.5  21.5  1.75) (-3.5  22.5  1.75) (-3.5  23.5  1.75) (-3.5  24.5  1.75) (-3.5  25.5  1.75) (-3.5  26.5  1.75) (-3.5  27.5  1.75) (-3.5  28.5  1.75) (-3.5  29.5  1.75) (-3.5  30.5  1.75) (-3.5  31.5  1.75) (-3.5  32.5  1.75) (-3.5  33.5  1.75) (-3.5  34.5  1.75) (-3.5  35.5  1.75) (-3.5  36.5  1.75) (-3.5  37.5  1.75) (-3.5  38.5  1.75) (-3.5  39.5  1.75) (-3.5  40.5  1.75) (-2.5  6.5  1.75) (-2.5  7.5  1.75) (-2.5  8.5  1.75) (-2.5  9.5  1.75) (-2.5  10.5  1.75) (-2.5  11.5  1.75) (-2.5  12.5  1.75) (-2.5  13.5  1.75) (-2.5  14.5  1.75) (-2.5  15.5  1.75) (-2.5  16.5  1.75) (-2.5  17.5  1.75) (-2.5  18.5  1.75) (-2.5  19.5  1.75) (-2.5  20.5  1.75) (-2.5  21.5  1.75) (-2.5  22.5  1.75) (-2.5  23.5  1.75) (-2.5  24.5  1.75) (-2.5  25.5  1.75) (-2.5  26.5  1.75) (-2.5  27.5  1.75) (-2.5  28.5  1.75) (-2.5  29.5  1.75) (-2.5  30.5  1.75) (-2.5  31.5  1.75) (-2.5  32.5  1.75) (-2.5  33.5  1.75) (-2.5  34.5  1.75) (-2.5  35.5  1.75) (-2.5  36.5  1.75) (-2.5  37.5  1.75) (-2.5  38.5  1.75) (-2.5  39.5  1.75) (-2.5  40.5  1.75) (-1.5  6.5  1.75) (-1.5  7.5  1.75) (-1.5  8.5  1.75) (-1.5  9.5  1.75) (-1.5  10.5  1.75) (-1.5  11.5  1.75) (-1.5  12.5  1.75) (-1.5  13.5  1.75) (-1.5  14.5  1.75) (-1.5  15.5  1.75) (-1.5  16.5  1.75) (-1.5  17.5  1.75) (-1.5  18.5  1.75) (-1.5  19.5  1.75) (-1.5  20.5  1.75) (-1.5  21.5  1.75) (-1.5  22.5  1.75) (-1.5  23.5  1.75) (-1.5  24.5  1.75) (-1.5  25.5  1.75) (-1.5  26.5  1.75) (-1.5  27.5  1.75) (-1.5  28.5  1.75) (-1.5  29.5  1.75) (-1.5  30.5  1.75) (-1.5  31.5  1.75) (-1.5  32.5  1.75) (-1.5  33.5  1.75) (-1.5  34.5  1.75) (-1.5  35.5  1.75) (-1.5  36.5  1.75) (-1.5  37.5  1.75) (-1.5  38.5  1.75) (-1.5  39.5  1.75) (-1.5  40.5  1.75) (-0.5  6.5  1.75) (-0.5  7.5  1.75) (-0.5  8.5  1.75) (-0.5  9.5  1.75) (-0.5  10.5  1.75) (-0.5  11.5  1.75) (-0.5  12.5  1.75) (-0.5  13.5  1.75) (-0.5  14.5  1.75) (-0.5  15.5  1.75) (-0.5  16.5  1.75) (-0.5  17.5  1.75) (-0.5  18.5  1.75) (-0.5  19.5  1.75) (-0.5  20.5  1.75) (-0.5  21.5  1.75) (-0.5  22.5  1.75) (-0.5  23.5  1.75) (-0.5  24.5  1.75) (-0.5  25.5  1.75) (-0.5  26.5  1.75) (-0.5  27.5  1.75) (-0.5  28.5  1.75) (-0.5  29.5  1.75) (-0.5  30.5  1.75) (-0.5  31.5  1.75) (-0.5  32.5  1.75) (-0.5  33.5  1.75) (-0.5  34.5  1.75) (-0.5  35.5  1.75) (-0.5  36.5  1.75) (-0.5  37.5  1.75) (-0.5  38.5  1.75) (-0.5  39.5  1.75) (-0.5  40.5  1.75) (0.5  6.5  1.75) (0.5  7.5  1.75) (0.5  8.5  1.75) (0.5  9.5  1.75) (0.5  10.5  1.75) (0.5  11.5  1.75) (0.5  12.5  1.75) (0.5  13.5  1.75) (0.5  14.5  1.75) (0.5  15.5  1.75) (0.5  16.5  1.75) (0.5  17.5  1.75) (0.5  18.5  1.75) (0.5  19.5  1.75) (0.5  20.5  1.75) (0.5  21.5  1.75) (0.5  22.5  1.75) (0.5  23.5  1.75) (0.5  24.5  1.75) (0.5  25.5  1.75) (0.5  26.5  1.75) (0.5  27.5  1.75) (0.5  28.5  1.75) (0.5  29.5  1.75) (0.5  30.5  1.75) (0.5  31.5  1.75) (0.5  32.5  1.75) (0.5  33.5  1.75) (0.5  34.5  1.75) (0.5  35.5  1.75) (0.5  36.5  1.75) (0.5  37.5  1.75) (0.5  38.5  1.75) (0.5  39.5  1.75) (0.5  40.5  1.75) (1.5  6.5  1.75) (1.5  7.5  1.75) (1.5  8.5  1.75) (1.5  9.5  1.75) (1.5  10.5  1.75) (1.5  11.5  1.75) (1.5  12.5  1.75) (1.5  13.5  1.75) (1.5  14.5  1.75) (1.5  15.5  1.75) (1.5  16.5  1.75) (1.5  17.5  1.75) (1.5  18.5  1.75) (1.5  19.5  1.75) (1.5  20.5  1.75) (1.5  21.5  1.75) (1.5  22.5  1.75) (1.5  23.5  1.75) (1.5  24.5  1.75) (1.5  25.5  1.75) (1.5  26.5  1.75) (1.5  27.5  1.75) (1.5  28.5  1.75) (1.5  29.5  1.75) (1.5  30.5  1.75) (1.5  31.5  1.75) (1.5  32.5  1.75) (1.5  33.5  1.75) (1.5  34.5  1.75) (1.5  35.5  1.75) (1.5  36.5  1.75) (1.5  37.5  1.75) (1.5  38.5  1.75) (1.5  39.5  1.75) (1.5  40.5  1.75) (2.5  6.5  1.75) (2.5  7.5  1.75) (2.5  8.5  1.75) (2.5  9.5  1.75) (2.5  10.5  1.75) (2.5  11.5  1.75) (2.5  12.5  1.75) (2.5  13.5  1.75) (2.5  14.5  1.75) (2.5  15.5  1.75) (2.5  16.5  1.75) (2.5  17.5  1.75) (2.5  18.5  1.75) (2.5  19.5  1.75) (2.5  20.5  1.75) (2.5  21.5  1.75) (2.5  22.5  1.75) (2.5  23.5  1.75) (2.5  24.5  1.75) (2.5  25.5  1.75) (2.5  26.5  1.75) (2.5  27.5  1.75) (2.5  28.5  1.75) (2.5  29.5  1.75) (2.5  30.5  1.75) (2.5  31.5  1.75) (2.5  32.5  1.75) (2.5  33.5  1.75) (2.5  34.5  1.75) (2.5  35.5  1.75) (2.5  36.5  1.75) (2.5  37.5  1.75) (2.5  38.5  1.75) (2.5  39.5  1.75) (2.5  40.5  1.75) (3.5  6.5  1.75) (3.5  7.5  1.75) (3.5  8.5  1.75) (3.5  9.5  1.75) (3.5  10.5  1.75) (3.5  11.5  1.75) (3.5  12.5  1.75) (3.5  13.5  1.75) (3.5  14.5  1.75) (3.5  15.5  1.75) (3.5  16.5  1.75) (3.5  17.5  1.75) (3.5  18.5  1.75) (3.5  19.5  1.75) (3.5  20.5  1.75) (3.5  21.5  1.75) (3.5  22.5  1.75) (3.5  23.5  1.75) (3.5  24.5  1.75) (3.5  25.5  1.75) (3.5  26.5  1.75) (3.5  27.5  1.75) (3.5  28.5  1.75) (3.5  29.5  1.75) (3.5  30.5  1.75) (3.5  31.5  1.75) (3.5  32.5  1.75) (3.5  33.5  1.75) (3.5  34.5  1.75) (3.5  35.5  1.75) (3.5  36.5  1.75) (3.5  37.5  1.75) (3.5  38.5  1.75) (3.5  39.5  1.75) (3.5  40.5  1.75) (4.5  6.5  1.75) (4.5  7.5  1.75) (4.5  8.5  1.75) (4.5  9.5  1.75) (4.5  10.5  1.75) (4.5  11.5  1.75) (4.5  12.5  1.75) (4.5  13.5  1.75) (4.5  14.5  1.75) (4.5  15.5  1.75) (4.5  16.5  1.75) (4.5  17.5  1.75) (4.5  18.5  1.75) (4.5  19.5  1.75) (4.5  20.5  1.75) (4.5  21.5  1.75) (4.5  22.5  1.75) (4.5  23.5  1.75) (4.5  24.5  1.75) (4.5  25.5  1.75) (4.5  26.5  1.75) (4.5  27.5  1.75) (4.5  28.5  1.75) (4.5  29.5  1.75) (4.5  30.5  1.75) (4.5  31.5  1.75) (4.5  32.5  1.75) (4.5  33.5  1.75) (4.5  34.5  1.75) (4.5  35.5  1.75) (4.5  36.5  1.75) (4.5  37.5  1.75) (4.5  38.5  1.75) (4.5  39.5  1.75) (4.5  40.5  1.75) (5.5  6.5  1.75) (5.5  7.5  1.75) (5.333333333333333  8.333333333333332  1.75) (5.333333333333333  13.666666666666666  1.75) (5.333333333333333  14.333333333333332  1.75) (5.333333333333333  15.666666666666666  1.75) (5.5  16.5  1.75) (5.5  17.5  1.75) (5.5  18.5  1.75) (5.5  19.5  1.75) (5.5  20.5  1.75) (5.5  21.5  1.75) (5.5  22.5  1.75) (5.5  23.5  1.75) (5.5  24.5  1.75) (5.5  25.5  1.75) (5.5  26.5  1.75) (5.5  27.5  1.75) (5.5  28.5  1.75) (5.5  29.5  1.75) (5.5  30.5  1.75) (5.5  31.5  1.75) (5.5  32.5  1.75) (5.5  33.5  1.75) (5.5  34.5  1.75) (5.5  35.5  1.75) (5.5  36.5  1.75) (5.5  37.5  1.75) (5.5  38.5  1.75) (5.5  39.5  1.75) (5.5  40.5  1.75) (6.5  6.5  1.75) (6.5  7.5  1.75) (6.5  16.5  1.75) (6.5  17.5  1.75) (6.5  18.5  1.75) (6.5  19.5  1.75) (6.5  20.5  1.75) (6.5  21.5  1.75) (6.5  22.5  1.75) (6.5  23.5  1.75) (6.5  24.5  1.75) (6.5  25.5  1.75) (6.5  26.5  1.75) (6.5  27.5  1.75) (6.5  28.5  1.75) (6.5  29.5  1.75) (6.5  30.5  1.75) (6.5  31.5  1.75) (6.5  32.5  1.75) (6.5  33.5  1.75) (6.5  34.5  1.75) (6.5  35.5  1.75) (6.5  36.5  1.75) (6.5  37.5  1.75) (6.5  38.5  1.75) (6.5  39.5  1.75) (6.5  40.5  1.75) (7.5  6.5  1.75) (7.5  7.5  1.75) (7.5  16.5  1.75) (7.5  17.5  1.75) (7.5  18.5  1.75) (7.5  19.5  1.75) (7.5  20.5  1.75) (7.5  21.5  1.75) (7.5  22.5  1.75) (7.5  23.5  1.75) (7.5  24.5  1.75) (7.5  25.5  1.75) (7.5  26.5  1.75) (7.5  27.5  1.75) (7.5  28.5  1.75) (7.5  29.5  1.75) (7.5  30.5  1.75) (7.5  31.5  1.75) (7.5  32.5  1.75) (7.5  33.5  1.75) (7.5  34.5  1.75) (7.5  35.5  1.75) (7.5  36.5  1.75) (7.5  37.5  1.75) (7.5  38.5  1.75) (7.5  39.5  1.75) (7.5  40.5  1.75) (8.5  6.5  1.75) (8.5  7.5  1.75) (8.666666666666666  15.666666666666666  1.75) (8.5  16.5  1.75) (8.5  17.5  1.75) (8.5  18.5  1.75) (8.5  19.5  1.75) (8.5  20.5  1.75) (8.5  21.5  1.75) (8.5  22.5  1.75) (8.5  23.5  1.75) (8.5  24.5  1.75) (8.5  25.5  1.75) (8.5  26.5  1.75) (8.5  27.5  1.75) (8.5  28.5  1.75) (8.5  29.5  1.75) (8.5  30.5  1.75) (8.5  31.5  1.75) (8.5  32.5  1.75) (8.5  33.5  1.75) (8.5  34.5  1.75) (8.5  35.5  1.75) (8.5  36.5  1.75) (8.5  37.5  1.75) (8.5  38.5  1.75) (8.5  39.5  1.75) (8.5  40.5  1.75) (9.5  6.5  1.75) (9.5  7.5  1.75) (9.333333333333332  15.666666666666666  1.75) (9.5  16.5  1.75) (9.5  17.5  1.75) (9.5  18.5  1.75) (9.5  19.5  1.75) (9.5  20.5  1.75) (9.5  21.5  1.75) (9.5  22.5  1.75) (9.5  23.5  1.75) (9.5  24.5  1.75) (9.5  25.5  1.75) (9.5  26.5  1.75) (9.5  27.5  1.75) (9.5  28.5  1.75) (9.5  29.5  1.75) (9.5  30.5  1.75) (9.5  31.5  1.75) (9.5  32.5  1.75) (9.5  33.5  1.75) (9.5  34.5  1.75) (9.5  35.5  1.75) (9.5  36.5  1.75) (9.5  37.5  1.75) (9.5  38.5  1.75) (9.5  39.5  1.75) (9.5  40.5  1.75) (10.5  6.5  1.75) (10.5  7.5  1.75) (10.666666666666666  15.666666666666666  1.75) (10.5  16.5  1.75) (10.5  17.5  1.75) (10.5  18.5  1.75) (10.5  19.5  1.75) (10.5  20.5  1.75) (10.5  21.5  1.75) (10.5  22.5  1.75) (10.5  23.5  1.75) (10.5  24.5  1.75) (10.5  25.5  1.75) (10.5  26.5  1.75) (10.5  27.5  1.75) (10.5  28.5  1.75) (10.5  29.5  1.75) (10.5  30.5  1.75) (10.5  31.5  1.75) (10.5  32.5  1.75) (10.5  33.5  1.75) (10.5  34.5  1.75) (10.5  35.5  1.75) (10.5  36.5  1.75) (10.5  37.5  1.75) (10.5  38.5  1.75) (10.5  39.5  1.75) (10.5  40.5  1.75) (11.5  6.5  1.75) (11.5  7.5  1.75) (11.5  8.5  1.75) (11.5  9.5  1.75) (11.5  10.5  1.75) (11.5  11.5  1.75) (11.5  12.5  1.75) (11.5  13.5  1.75) (11.5  14.5  1.75) (11.5  15.5  1.75) (11.5  16.5  1.75) (11.5  17.5  1.75) (11.5  18.5  1.75) (11.5  19.5  1.75) (11.5  20.5  1.75) (11.5  21.5  1.75) (11.5  22.5  1.75) (11.5  23.5  1.75) (11.5  24.5  1.75) (11.5  25.5  1.75) (11.5  26.5  1.75) (11.5  27.5  1.75) (11.5  28.5  1.75) (11.5  29.5  1.75) (11.5  30.5  1.75) (11.5  31.5  1.75) (11.5  32.5  1.75) (11.5  33.5  1.75) (11.5  34.5  1.75) (11.5  35.5  1.75) (11.5  36.5  1.75) (11.5  37.5  1.75) (11.5  38.5  1.75) (11.5  39.5  1.75) (11.5  40.5  1.75) (12.5  6.5  1.75) (12.5  7.5  1.75) (12.5  8.5  1.75) (12.5  9.5  1.75) (12.5  10.5  1.75) (12.5  11.5  1.75) (12.5  12.5  1.75) (12.5  13.5  1.75) (12.5  14.5  1.75) (12.5  15.5  1.75) (12.5  16.5  1.75) (12.5  17.5  1.75) (12.5  18.5  1.75) (12.5  19.5  1.75) (12.5  20.5  1.75) (12.5  21.5  1.75) (12.5  22.5  1.75) (12.5  23.5  1.75) (12.5  24.5  1.75) (12.5  25.5  1.75) (12.5  26.5  1.75) (12.5  27.5  1.75) (12.5  28.5  1.75) (12.5  29.5  1.75) (12.5  30.5  1.75) (12.5  31.5  1.75) (12.5  32.5  1.75) (12.5  33.5  1.75) (12.5  34.5  1.75) (12.5  35.5  1.75) (12.5  36.5  1.75) (12.5  37.5  1.75) (12.5  38.5  1.75) (12.5  39.5  1.75) (12.5  40.5  1.75) (13.5  6.5  1.75) (13.5  7.5  1.75) (13.5  8.5  1.75) (13.5  9.5  1.75) (13.5  10.5  1.75) (13.5  11.5  1.75) (13.5  12.5  1.75) (13.5  13.5  1.75) (13.5  14.5  1.75) (13.5  15.5  1.75) (13.5  16.5  1.75) (13.5  17.5  1.75) (13.5  18.5  1.75) (13.5  19.5  1.75) (13.5  20.5  1.75) (13.5  21.5  1.75) (13.5  22.5  1.75) (13.5  23.5  1.75) (13.5  24.5  1.75) (13.5  25.5  1.75) (13.5  26.5  1.75) (13.5  27.5  1.75) (13.5  28.5  1.75) (13.5  29.5  1.75) (13.5  30.5  1.75) (13.5  31.5  1.75) (13.5  32.5  1.75) (13.5  33.5  1.75) (13.5  34.5  1.75) (13.5  35.5  1.75) (13.5  36.5  1.75) (13.5  37.5  1.75) (13.5  38.5  1.75) (13.5  39.5  1.75) (13.5  40.5  1.75) (14.5  6.5  1.75) (14.5  7.5  1.75) (14.5  8.5  1.75) (14.5  9.5  1.75) (14.5  10.5  1.75) (14.5  11.5  1.75) (14.5  12.5  1.75) (14.5  13.5  1.75) (14.5  14.5  1.75) (14.5  15.5  1.75) (14.5  16.5  1.75) (14.5  17.5  1.75) (14.5  18.5  1.75) (14.5  19.5  1.75) (14.5  20.5  1.75) (14.5  21.5  1.75) (14.5  22.5  1.75) (14.5  23.5  1.75) (14.5  24.5  1.75) (14.5  25.5  1.75) (14.5  26.5  1.75) (14.5  27.5  1.75) (14.5  28.5  1.75) (14.5  29.5  1.75) (14.5  30.5  1.75) (14.5  31.5  1.75) (14.5  32.5  1.75) (14.5  33.5  1.75) (14.5  34.5  1.75) (14.5  35.5  1.75) (14.5  36.5  1.75) (14.5  37.5  1.75) (14.5  38.5  1.75) (14.5  39.5  1.75) (14.5  40.5  1.75) (15.5  6.5  1.75) (15.5  7.5  1.75) (15.5  8.5  1.75) (15.5  9.5  1.75) (15.5  10.5  1.75) (15.5  11.5  1.75) (15.5  12.5  1.75) (15.5  13.5  1.75) (15.5  14.5  1.75) (15.5  15.5  1.75) (15.5  16.5  1.75) (15.5  17.5  1.75) (15.5  18.5  1.75) (15.5  19.5  1.75) (15.5  34.5  1.75) (15.5  35.5  1.75) (15.5  36.5  1.75) (15.5  37.5  1.75) (15.5  38.5  1.75) (15.5  39.5  1.75) (15.5  40.5  1.75) (16.5  6.5  1.75) (16.5  7.5  1.75) (16.5  8.5  1.75) (16.5  9.5  1.75) (16.5  10.5  1.75) (16.5  11.5  1.75) (16.5  12.5  1.75) (16.5  13.5  1.75) (16.5  14.5  1.75) (16.5  15.5  1.75) (16.5  16.5  1.75) (16.5  17.5  1.75) (16.5  18.5  1.75) (16.5  19.5  1.75) (16.5  34.5  1.75) (16.5  35.5  1.75) (16.5  36.5  1.75) (16.5  37.5  1.75) (16.5  38.5  1.75) (16.5  39.5  1.75) (16.5  40.5  1.75) (17.5  6.5  1.75) (17.5  7.5  1.75) (17.5  8.5  1.75) (17.5  9.5  1.75) (17.5  10.5  1.75) (17.5  11.5  1.75) (17.5  12.5  1.75) (17.5  13.5  1.75) (17.5  14.5  1.75) (17.5  15.5  1.75) (17.5  16.5  1.75) (17.5  17.5  1.75) (17.5  18.5  1.75) (17.5  19.5  1.75) (17.5  34.5  1.75) (17.5  35.5  1.75) (17.5  36.5  1.75) (17.5  37.5  1.75) (17.5  38.5  1.75) (17.5  39.5  1.75) (17.5  40.5  1.75) (18.5  6.5  1.75) (18.5  7.5  1.75) (18.5  8.5  1.75) (18.5  9.5  1.75) (18.5  10.5  1.75) (18.5  11.5  1.75) (18.5  12.5  1.75) (18.5  13.5  1.75) (18.5  14.5  1.75) (18.5  15.5  1.75) (18.5  16.5  1.75) (18.5  17.5  1.75) (18.5  18.5  1.75) (18.5  19.5  1.75) (18.5  34.5  1.75) (18.5  35.5  1.75) (18.5  36.5  1.75) (18.5  37.5  1.75) (18.5  38.5  1.75) (18.5  39.5  1.75) (18.5  40.5  1.75) (19.5  6.5  1.75) (19.5  7.5  1.75) (19.5  8.5  1.75) (19.5  9.5  1.75) (19.5  10.5  1.75) (19.5  11.5  1.75) (19.5  12.5  1.75) (19.5  13.5  1.75) (19.5  14.5  1.75) (19.5  15.5  1.75) (19.5  16.5  1.75) (19.5  17.5  1.75) (19.5  18.5  1.75) (19.5  19.5  1.75) (19.5  34.5  1.75) (19.5  35.5  1.75) (19.5  36.5  1.75) (19.5  37.5  1.75) (19.5  38.5  1.75) (19.5  39.5  1.75) (19.5  40.5  1.75) (20.5  6.5  1.75) (20.5  7.5  1.75) (20.5  8.5  1.75) (20.5  9.5  1.75) (20.5  10.5  1.75) (20.5  11.5  1.75) (20.5  12.5  1.75) (20.5  13.5  1.75) (20.5  14.5  1.75) (20.5  15.5  1.75) (20.5  16.5  1.75) (20.5  17.5  1.75) (20.5  18.5  1.75) (20.5  19.5  1.75) (20.5  34.5  1.75) (20.5  35.5  1.75) (20.5  36.5  1.75) (20.5  37.5  1.75) (20.5  38.5  1.75) (20.5  39.5  1.75) (20.5  40.5  1.75) (21.5  6.5  1.75) (21.5  7.5  1.75) (21.5  8.5  1.75) (21.5  9.5  1.75) (21.5  10.5  1.75) (21.5  11.5  1.75) (21.5  12.5  1.75) (21.5  13.5  1.75) (21.5  14.5  1.75) (21.5  15.5  1.75) (21.5  16.5  1.75) (21.5  17.5  1.75) (21.5  18.5  1.75) (21.5  19.5  1.75) (21.5  34.5  1.75) (21.5  35.5  1.75) (21.5  36.5  1.75) (21.5  37.5  1.75) (21.5  38.5  1.75) (21.5  39.5  1.75) (21.5  40.5  1.75) (22.5  6.5  1.75) (22.5  7.5  1.75) (22.5  8.5  1.75) (22.5  9.5  1.75) (22.5  10.5  1.75) (22.5  11.5  1.75) (22.5  12.5  1.75) (22.5  13.5  1.75) (22.5  14.5  1.75) (22.5  15.5  1.75) (22.5  16.5  1.75) (22.5  17.5  1.75) (22.5  18.5  1.75) (22.5  19.5  1.75) (22.5  34.5  1.75) (22.5  35.5  1.75) (22.5  36.5  1.75) (22.5  37.5  1.75) (22.5  38.5  1.75) (22.5  39.5  1.75) (22.5  40.5  1.75) (23.5  6.5  1.75) (23.5  7.5  1.75) (23.5  8.5  1.75) (23.5  9.5  1.75) (23.5  10.5  1.75) (23.5  11.5  1.75) (23.5  12.5  1.75) (23.5  13.5  1.75) (23.5  14.5  1.75) (23.5  15.5  1.75) (23.5  16.5  1.75) (23.5  17.5  1.75) (23.5  18.5  1.75) (23.5  19.5  1.75) (23.5  34.5  1.75) (23.5  35.5  1.75) (23.5  36.5  1.75) (23.5  37.5  1.75) (23.5  38.5  1.75) (23.5  39.5  1.75) (23.5  40.5  1.75) (24.5  6.5  1.75) (24.5  7.5  1.75) (24.5  8.5  1.75) (24.5  9.5  1.75) (24.5  10.5  1.75) (24.5  11.5  1.75) (24.5  12.5  1.75) (24.5  13.5  1.75) (24.5  14.5  1.75) (24.5  15.5  1.75) (24.5  16.5  1.75) (24.5  17.5  1.75) (24.5  18.5  1.75) (24.5  19.5  1.75) (24.5  34.5  1.75) (24.5  35.5  1.75) (24.5  36.5  1.75) (24.5  37.5  1.75) (24.5  38.5  1.75) (24.5  39.5  1.75) (24.5  40.5  1.75) (25.5  6.5  1.75) (25.5  7.5  1.75) (25.5  8.5  1.75) (25.5  9.5  1.75) (25.5  10.5  1.75) (25.5  11.5  1.75) (25.5  12.5  1.75) (25.5  13.5  1.75) (25.5  14.5  1.75) (25.5  15.5  1.75) (25.5  16.5  1.75) (25.5  17.5  1.75) (25.5  18.5  1.75) (25.5  19.5  1.75) (25.5  34.5  1.75) (25.5  35.5  1.75) (25.5  36.5  1.75) (25.5  37.5  1.75) (25.5  38.5  1.75) (25.5  39.5  1.75) (25.5  40.5  1.75) (26.5  6.5  1.75) (26.5  7.5  1.75) (26.5  8.5  1.75) (26.5  9.5  1.75) (26.5  10.5  1.75) (26.5  11.5  1.75) (26.5  12.5  1.75) (26.5  13.5  1.75) (26.5  14.5  1.75) (26.5  15.5  1.75) (26.5  16.5  1.75) (26.5  17.5  1.75) (26.5  18.5  1.75) (26.5  19.5  1.75) (26.5  20.5  1.75) (26.5  21.5  1.75) (26.5  22.5  1.75) (26.5  23.5  1.75) (26.5  24.5  1.75) (26.5  25.5  1.75) (26.5  26.5  1.75) (26.5  27.5  1.75) (26.5  28.5  1.75) (26.5  29.5  1.75) (26.5  30.5  1.75) (26.5  31.5  1.75) (26.5  32.5  1.75) (26.5  33.5  1.75) (26.5  34.5  1.75) (26.5  35.5  1.75) (26.5  36.5  1.75) (26.5  37.5  1.75) (26.5  38.5  1.75) (26.5  39.5  1.75) (26.5  40.5  1.75) (27.5  6.5  1.75) (27.5  7.5  1.75) (27.5  8.5  1.75) (27.5  9.5  1.75) (27.5  10.5  1.75) (27.5  11.5  1.75) (27.5  12.5  1.75) (27.5  13.5  1.75) (27.5  14.5  1.75) (27.5  15.5  1.75) (27.5  16.5  1.75) (27.5  17.5  1.75) (27.5  18.5  1.75) (27.5  19.5  1.75) (27.5  20.5  1.75) (27.5  21.5  1.75) (27.5  22.5  1.75) (27.5  23.5  1.75) (27.5  24.5  1.75) (27.5  25.5  1.75) (27.5  26.5  1.75) (27.5  27.5  1.75) (27.5  28.5  1.75) (27.5  29.5  1.75) (27.5  30.5  1.75) (27.5  31.5  1.75) (27.5  32.5  1.75) (27.5  33.5  1.75) (27.5  34.5  1.75) (27.5  35.5  1.75) (27.5  36.5  1.75) (27.5  37.5  1.75) (27.5  38.5  1.75) (27.5  39.5  1.75) (27.5  40.5  1.75) (28.5  6.5  1.75) (28.5  7.5  1.75) (28.5  8.5  1.75) (28.5  9.5  1.75) (28.5  10.5  1.75) (28.5  11.5  1.75) (28.5  12.5  1.75) (28.5  13.5  1.75) (28.5  14.5  1.75) (28.5  15.5  1.75) (28.5  16.5  1.75) (28.5  17.5  1.75) (28.5  18.5  1.75) (28.5  19.5  1.75) (28.5  20.5  1.75) (28.5  21.5  1.75) (28.5  22.5  1.75) (28.5  23.5  1.75) (28.5  24.5  1.75) (28.5  25.5  1.75) (28.5  26.5  1.75) (28.5  27.5  1.75) (28.5  28.5  1.75) (28.5  29.5  1.75) (28.5  30.5  1.75) (28.5  31.5  1.75) (28.5  32.5  1.75) (28.5  33.5  1.75) (28.5  34.5  1.75) (28.5  35.5  1.75) (28.5  36.5  1.75) (28.5  37.5  1.75) (28.5  38.5  1.75) (28.5  39.5  1.75) (28.5  40.5  1.75) (29.5  6.5  1.75) (29.5  7.5  1.75) (29.5  8.5  1.75) (29.5  9.5  1.75) (29.5  10.5  1.75) (29.5  11.5  1.75) (29.5  12.5  1.75) (29.5  13.5  1.75) (29.5  14.5  1.75) (29.5  15.5  1.75) (29.5  16.5  1.75) (29.5  17.5  1.75) (29.5  18.5  1.75) (29.5  19.5  1.75) (29.5  20.5  1.75) (29.5  21.5  1.75) (29.5  22.5  1.75) (29.5  23.5  1.75) (29.5  24.5  1.75) (29.5  25.5  1.75) (29.5  26.5  1.75) (29.5  27.5  1.75) (29.5  28.5  1.75) (29.5  29.5  1.75) (29.5  30.5  1.75) (29.5  31.5  1.75) (29.5  32.5  1.75) (29.5  33.5  1.75) (29.5  34.5  1.75) (29.5  35.5  1.75) (29.5  36.5  1.75) (29.5  37.5  1.75) (29.5  38.5  1.75) (29.5  39.5  1.75) (29.5  40.5  1.75) (30.5  6.5  1.75) (30.5  7.5  1.75) (30.5  8.5  1.75) (30.5  9.5  1.75) (30.5  10.5  1.75) (30.5  11.5  1.75) (30.5  12.5  1.75) (30.5  13.5  1.75) (30.5  14.5  1.75) (30.5  15.5  1.75) (30.5  16.5  1.75) (30.5  17.5  1.75) (30.5  18.5  1.75) (30.5  19.5  1.75) (30.5  20.5  1.75) (30.5  21.5  1.75) (30.5  22.5  1.75) (30.5  23.5  1.75) (30.5  24.5  1.75) (30.5  25.5  1.75) (30.5  26.5  1.75) (30.5  27.5  1.75) (30.5  28.5  1.75) (30.5  29.5  1.75) (30.5  30.5  1.75) (30.5  31.5  1.75) (30.5  32.5  1.75) (30.5  33.5  1.75) (30.5  34.5  1.75) (30.5  35.5  1.75) (30.5  36.5  1.75) (30.5  37.5  1.75) (30.5  38.5  1.75) (30.5  39.5  1.75) (30.5  40.5  1.75) (31.5  6.5  1.75) (31.5  7.5  1.75) (31.5  8.5  1.75) (31.5  9.5  1.75) (31.5  10.5  1.75) (31.5  11.5  1.75) (31.5  12.5  1.75) (31.5  13.5  1.75) (31.5  14.5  1.75) (31.5  15.5  1.75) (31.5  16.5  1.75) (31.5  17.5  1.75) (31.5  18.5  1.75) (31.5  19.5  1.75) (31.5  20.5  1.75) (31.5  21.5  1.75) (31.5  22.5  1.75) (31.5  23.5  1.75) (31.5  24.5  1.75) (31.5  25.5  1.75) (31.5  26.5  1.75) (31.5  27.5  1.75) (31.5  28.5  1.75) (31.5  29.5  1.75) (31.5  30.5  1.75) (31.5  31.5  1.75) (31.5  32.5  1.75) (31.5  33.5  1.75) (31.5  34.5  1.75) (31.5  35.5  1.75) (31.5  36.5  1.75) (31.5  37.5  1.75) (31.5  38.5  1.75) (31.5  39.5  1.75) (31.5  40.5  1.75) (32.5  6.5  1.75) (32.5  7.5  1.75) (32.5  8.5  1.75) (32.5  9.5  1.75) (32.5  10.5  1.75) (32.5  11.5  1.75) (32.5  12.5  1.75) (32.5  13.5  1.75) (32.5  14.5  1.75) (32.5  15.5  1.75) (32.5  16.5  1.75) (32.5  17.5  1.75) (32.5  18.5  1.75) (32.5  19.5  1.75) (32.5  20.5  1.75) (32.5  21.5  1.75) (32.5  22.5  1.75) (32.5  23.5  1.75) (32.5  24.5  1.75) (32.5  25.5  1.75) (32.5  26.5  1.75) (32.5  27.5  1.75) (32.5  28.5  1.75) (32.5  29.5  1.75) (32.5  30.5  1.75) (32.5  31.5  1.75) (32.5  32.5  1.75) (32.5  33.5  1.75) (32.5  34.5  1.75) (32.5  35.5  1.75) (32.5  36.5  1.75) (32.5  37.5  1.75) (32.5  38.5  1.75) (32.5  39.5  1.75) (32.5  40.5  1.75) (33.5  6.5  1.75) (33.5  7.5  1.75) (33.5  8.5  1.75) (33.5  9.5  1.75) (33.5  10.5  1.75) (33.5  11.5  1.75) (33.5  12.5  1.75) (33.5  13.5  1.75) (33.5  14.5  1.75) (33.5  15.5  1.75) (33.5  16.5  1.75) (33.5  17.5  1.75) (33.5  18.5  1.75) (33.5  19.5  1.75) (33.5  20.5  1.75) (33.5  21.5  1.75) (33.5  22.5  1.75) (33.5  23.5  1.75) (33.5  24.5  1.75) (33.5  25.5  1.75) (33.5  26.5  1.75) (33.5  27.5  1.75) (33.5  28.5  1.75) (33.5  29.5  1.75) (33.5  30.5  1.75) (33.5  31.5  1.75) (33.5  32.5  1.75) (33.5  33.5  1.75) (33.5  34.5  1.75) (33.5  35.5  1.75) (33.5  36.5  1.75) (33.5  37.5  1.75) (33.5  38.5  1.75) (33.5  39.5  1.75) (33.5  40.5  1.75) (34.5  6.5  1.75) (34.5  7.5  1.75) (34.5  8.5  1.75) (34.5  9.5  1.75) (34.5  10.5  1.75) (34.5  11.5  1.75) (34.5  12.5  1.75) (34.5  13.5  1.75) (34.5  14.5  1.75) (34.5  15.5  1.75) (34.5  16.5  1.75) (34.5  17.5  1.75) (34.5  18.5  1.75) (34.5  19.5  1.75) (34.5  20.5  1.75) (34.5  21.5  1.75) (34.5  22.5  1.75) (34.5  23.5  1.75) (34.5  24.5  1.75) (34.5  25.5  1.75) (34.5  26.5  1.75) (34.5  27.5  1.75) (34.5  28.5  1.75) (34.5  29.5  1.75) (34.5  30.5  1.75) (34.5  31.5  1.75) (34.5  32.5  1.75) (34.5  33.5  1.75) (34.5  34.5  1.75) (34.5  35.5  1.75) (34.5  36.5  1.75) (34.5  37.5  1.75) (34.5  38.5  1.75) (34.5  39.5  1.75) (34.5  40.5  1.75) (35.5  6.5  1.75) (35.5  7.5  1.75) (35.5  8.5  1.75) (35.5  9.5  1.75) (35.5  10.5  1.75) (35.5  11.5  1.75) (35.5  12.5  1.75) (35.5  13.5  1.75) (35.5  14.5  1.75) (35.5  15.5  1.75) (35.5  16.5  1.75) (35.5  17.5  1.75) (35.5  18.5  1.75) (35.5  19.5  1.75) (35.5  20.5  1.75) (35.5  21.5  1.75) (35.5  22.5  1.75) (35.5  23.5  1.75) (35.5  24.5  1.75) (35.5  25.5  1.75) (35.5  26.5  1.75) (35.5  27.5  1.75) (35.5  28.5  1.75) (35.5  29.5  1.75) (35.5  30.5  1.75) (35.5  31.5  1.75) (35.5  32.5  1.75) (35.5  33.5  1.75) (35.5  34.5  1.75) (35.5  35.5  1.75) (35.5  36.5  1.75) (35.5  37.5  1.75) (35.5  38.5  1.75) (35.5  39.5  1.75) (35.5  40.5  1.75) (6.0  8.666666666666666  1.75) (5.607061386108398  9.520693778991699  1.75) (6.666666666666666  8.333333333333332  1.75) (6.071374257405599  9.019715627034504  1.75) (7.5  8.5  1.75) (7.715084075927734  9.019715627034504  1.75) (8.5  8.5  1.75) (7.119791666666666  9.03943125406901  1.75) (5.607061386108398  10.502934455871582  1.75) (5.607061386108398  12.467415809631348  1.75) (5.607061386108398  11.485175132751465  1.75) (5.738040924072266  13.305690765380859  1.75) (9.5  8.5  1.75) (9.546799659729004  9.029573440551758  1.75) (8.564017295837402  9.029573440551758  1.75) (10.5  8.5  1.75) (10.692127227783203  9.353048960367838  1.75) (10.358793894449869  9.019715627034504  1.75) (10.538190841674805  11.485175132751465  1.75) (10.538190841674805  13.449657440185547  1.75) (10.538190841674805  12.467415809631348  1.75) (10.692127227783203  10.662703196207682  1.75) (10.384254455566406  10.01575215657552  1.75) (10.538190841674805  14.43189811706543  1.75) (6.598452568054199  15.423019409179688  1.75) (6.14274787902832  13.921037038167317  1.75) (5.738040924072266  15.282012939453125  1.75) (5.738040924072266  14.615346272786457  1.75) (9.073877970377604  14.897357940673828  1.75) (8.3817507425944  15.282012939453125  1.75) (9.692127227783203  15.282012939453125  1.75) (7.581234931945801  15.423018455505371  1.75) (10.358793894449869  15.282012939453125  1.75) (15.178443908691406  21.651979446411133  1.75) (15.178443908691406  23.591560363769531  1.75) (15.178443908691406  24.561349868774414  1.75) (15.178443908691406  22.621768951416016  1.75) (15.178443908691406  20.682188034057617  1.75) (16.422216415405273  20.197292327880859  1.75) (15.178443908691406  25.53114128112793  1.75) (15.178443908691406  26.500930786132813  1.75) (15.178443908691406  27.470720291137695  1.75) (15.178443908691406  29.410301208496094  1.75) (15.178443908691406  28.440511703491211  1.75) (15.178443908691406  31.349882125854492  1.75) (15.178443908691406  30.380090713500977  1.75) (15.11896260579427  32.223185221354164  1.75) (15.11896260579427  33.516240437825516  1.75) (15.452295939127604  20.131528218587238  1.75) (18.656646728515625  20.197292327880859  1.75) (17.662874221801758  20.197292327880859  1.75) (20.644191741943359  20.197292327880859  1.75) (22.631736755371094  20.197292327880859  1.75) (21.637964248657227  20.197292327880859  1.75) (19.650419235229492  20.197292327880859  1.75) (23.625507354736328  20.197292327880859  1.75) (24.619279861450195  20.197292327880859  1.75) (25.410776774088539  20.131528218587238  1.75) (25.616167068481445  22.621768951416016  1.75) (25.616167068481445  21.417083740234375  1.75) (25.744110107421875  20.464861551920571  1.75) (25.616165161132813  23.591560363769531  1.75) (25.616167068481445  24.561349868774414  1.75) (25.616167068481445  26.500930786132813  1.75) (25.616167068481445  25.53114128112793  1.75) (25.616165161132813  27.470722198486328  1.75) (25.616167068481445  28.440511703491211  1.75) (15.67533016204834  33.774360656738281  1.75) (15.237925211588541  32.739425659179688  1.75) (17.662874221801758  33.774360656738281  1.75) (16.669101715087891  33.774360656738281  1.75) (18.656646728515625  33.774360656738281  1.75) (19.650419235229492  33.774360656738281  1.75) (20.644191741943359  33.774360656738281  1.75) (21.637964248657227  33.774360656738281  1.75) (25.616167068481445  29.410301208496094  1.75) (25.616167068481445  31.349882125854492  1.75) (25.616167068481445  30.380092620849609  1.75) (25.616167068481445  32.319671630859375  1.75) (22.631736755371094  33.774360656738281  1.75) (23.419082641601563  33.849573771158852  1.75) (25.616165161132813  33.289466857910156  1.75) (24.744110107421875  33.849573771158852  1.75) (25.410776774088539  33.849573771158852  1.75) (24.163192749023438  33.699144999186196  1.75));

        writeControl		timeStep;

        writeInterval		1;

    }

}