/*--------------------------------*- C++ -*----------------------------------*\
| =========                 |                                                 |
| \\      /  F ield         | OpenFOAM: The Open Source CFD Toolbox           |
|  \\    /   O peration     | Version:  v1606+                                 |
|   \\  /    A nd           | Web:      www.OpenFOAM.org                      |
|    \\/     M anipulation  |                                                 |
\*---------------------------------------------------------------------------*/
/*Generated by Butterfly 0.0.2 https://github.com/mostaphaRoudsari/Butterfly *\
\*---------------------------------------------------------------------------*/

functions
{

    probes
    {

        functionObjectLibs		("libsampling.so");

        type		probes;

        name		probes;

        fields		(U  p T);

        probeLocations		((8.334834098815918  5.050380516797304  0.2553270161151886) (8.334834098815918  5.050380516797304  0.76598101854324341) (8.334834098815918  5.050380516797304  1.2766350507736206) (8.334834098815918  5.050380516797304  1.787289023399353) (8.334834098815918  5.050380516797304  2.297943115234375) (8.334834098815918  5.050380516797304  2.8085970878601074) (8.334834098815918  5.050380516797304  3.31925106048584) (8.334834098815918  5.050380516797304  3.8299052715301514) (8.334834098815918  5.050380516797304  4.340559005737305) (8.334834098815918  5.050380516797304  4.851213455200195) (8.334834098815918  5.050380516797304  5.361867427825928) (8.334834098815918  5.050380516797304  5.87252140045166) (8.334834098815918  5.050380516797304  6.383175373077393) (8.334834098815918  5.050380516797304  6.893829345703125) (8.334834098815918  5.050380516797304  7.404483318328857) (8.334834098815918  5.050380516797304  7.915137767791748) (8.334834098815918  5.050380516797304  8.425791740417481) (7.826947212219238  5.050380516797304  0.2553270161151886) (7.826947212219238  5.050380516797304  0.76598101854324341) (7.826947212219238  5.050380516797304  1.2766350507736206) (7.826947212219238  5.050380516797304  1.787289023399353) (7.826947212219238  5.050380516797304  2.297943115234375) (7.826947212219238  5.050380516797304  2.8085970878601074) (7.826947212219238  5.050380516797304  3.31925106048584) (7.826947212219238  5.050380516797304  3.8299052715301514) (7.826947212219238  5.050380516797304  4.340559005737305) (7.826947212219238  5.050380516797304  4.851213455200195) (7.826947212219238  5.050380516797304  5.361867427825928) (7.826947212219238  5.050380516797304  5.87252140045166) (7.826947212219238  5.050380516797304  6.383175373077393) (7.826947212219238  5.050380516797304  6.893829345703125) (7.826947212219238  5.050380516797304  7.404483318328857) (7.826947212219238  5.050380516797304  7.915137767791748) (7.826947212219238  5.050380516797304  8.425791740417481) (7.319060325622559  5.050380516797304  0.2553270161151886) (7.319060325622559  5.050380516797304  0.76598101854324341) (7.319060325622559  5.050380516797304  1.2766350507736206) (7.319060325622559  5.050380516797304  1.787289023399353) (7.319060325622559  5.050380516797304  2.297943115234375) (7.319060325622559  5.050380516797304  2.8085970878601074) (7.319060325622559  5.050380516797304  3.31925106048584) (7.319060325622559  5.050380516797304  3.8299052715301514) (7.319060325622559  5.050380516797304  4.340559005737305) (7.319060325622559  5.050380516797304  4.851213455200195) (7.319060325622559  5.050380516797304  5.361867427825928) (7.319060325622559  5.050380516797304  5.87252140045166) (7.319060325622559  5.050380516797304  6.383175373077393) (7.319060325622559  5.050380516797304  6.893829345703125) (7.319060325622559  5.050380516797304  7.404483318328857) (7.319060325622559  5.050380516797304  7.915137767791748) (7.319060325622559  5.050380516797304  8.425791740417481) (6.811173439025879  5.050380516797304  0.2553270161151886) (6.811173439025879  5.050380516797304  0.76598101854324341) (6.811173439025879  5.050380516797304  1.2766350507736206) (6.811173439025879  5.050380516797304  1.787289023399353) (6.811173439025879  5.050380516797304  2.297943115234375) (6.811173439025879  5.050380516797304  2.8085970878601074) (6.811173439025879  5.050380516797304  3.31925106048584) (6.811173439025879  5.050380516797304  3.8299052715301514) (6.811173439025879  5.050380516797304  4.340559005737305) (6.811173439025879  5.050380516797304  4.851213455200195) (6.811173439025879  5.050380516797304  5.361867427825928) (6.811173439025879  5.050380516797304  5.87252140045166) (6.811173439025879  5.050380516797304  6.383175373077393) (6.811173439025879  5.050380516797304  6.893829345703125) (6.811173439025879  5.050380516797304  7.404483318328857) (6.811173439025879  5.050380516797304  7.915137767791748) (6.811173439025879  5.050380516797304  8.425791740417481) (6.303286552429199  5.050380516797304  0.2553270161151886) (6.303286552429199  5.050380516797304  0.76598101854324341) (6.303286552429199  5.050380516797304  1.2766350507736206) (6.303286552429199  5.050380516797304  1.787289023399353) (6.303286552429199  5.050380516797304  2.297943115234375) (6.303286552429199  5.050380516797304  2.8085970878601074) (6.303286552429199  5.050380516797304  3.31925106048584) (6.303286552429199  5.050380516797304  3.8299052715301514) (6.303286552429199  5.050380516797304  4.340559005737305) (6.303286552429199  5.050380516797304  4.851213455200195) (6.303286552429199  5.050380516797304  5.361867427825928) (6.303286552429199  5.050380516797304  5.87252140045166) (6.303286552429199  5.050380516797304  6.383175373077393) (6.303286552429199  5.050380516797304  6.893829345703125) (6.303286552429199  5.050380516797304  7.404483318328857) (6.303286552429199  5.050380516797304  7.915137767791748) (6.303286552429199  5.050380516797304  8.425791740417481) (5.7953996658325195  5.050380516797304  0.2553270161151886) (5.7953996658325195  5.050380516797304  0.76598101854324341) (5.7953996658325195  5.050380516797304  1.2766350507736206) (5.7953996658325195  5.050380516797304  1.787289023399353) (5.7953996658325195  5.050380516797304  2.297943115234375) (5.7953996658325195  5.050380516797304  2.8085970878601074) (5.7953996658325195  5.050380516797304  3.31925106048584) (5.7953996658325195  5.050380516797304  3.8299052715301514) (5.7953996658325195  5.050380516797304  4.340559005737305) (5.7953996658325195  5.050380516797304  4.851213455200195) (5.7953996658325195  5.050380516797304  5.361867427825928) (5.7953996658325195  5.050380516797304  5.87252140045166) (5.7953996658325195  5.050380516797304  6.383175373077393) (5.7953996658325195  5.050380516797304  6.893829345703125) (5.7953996658325195  5.050380516797304  7.404483318328857) (5.7953996658325195  5.050380516797304  7.915137767791748) (5.7953996658325195  5.050380516797304  8.425791740417481) (5.28751277923584  5.050380516797304  0.2553270161151886) (5.28751277923584  5.050380516797304  0.76598101854324341) (5.28751277923584  5.050380516797304  1.2766350507736206) (5.28751277923584  5.050380516797304  1.787289023399353) (5.28751277923584  5.050380516797304  2.297943115234375) (5.28751277923584  5.050380516797304  2.8085970878601074) (5.28751277923584  5.050380516797304  3.31925106048584) (5.28751277923584  5.050380516797304  3.8299052715301514) (5.28751277923584  5.050380516797304  4.340559005737305) (5.28751277923584  5.050380516797304  4.851213455200195) (5.28751277923584  5.050380516797304  5.361867427825928) (5.28751277923584  5.050380516797304  5.87252140045166) (5.28751277923584  5.050380516797304  6.383175373077393) (5.28751277923584  5.050380516797304  6.893829345703125) (5.28751277923584  5.050380516797304  7.404483318328857) (5.28751277923584  5.050380516797304  7.915137767791748) (5.28751277923584  5.050380516797304  8.425791740417481) (4.77962589263916  5.050380516797304  0.2553270161151886) (4.77962589263916  5.050380516797304  0.76598101854324341) (4.77962589263916  5.050380516797304  1.2766350507736206) (4.77962589263916  5.050380516797304  1.787289023399353) (4.77962589263916  5.050380516797304  2.297943115234375) (4.77962589263916  5.050380516797304  2.8085970878601074) (4.77962589263916  5.050380516797304  3.31925106048584) (4.77962589263916  5.050380516797304  3.8299052715301514) (4.77962589263916  5.050380516797304  4.340559005737305) (4.77962589263916  5.050380516797304  4.851213455200195) (4.77962589263916  5.050380516797304  5.361867427825928) (4.77962589263916  5.050380516797304  5.87252140045166) (4.77962589263916  5.050380516797304  6.383175373077393) (4.77962589263916  5.050380516797304  6.893829345703125) (4.77962589263916  5.050380516797304  7.404483318328857) (4.77962589263916  5.050380516797304  7.915137767791748) (4.77962589263916  5.050380516797304  8.425791740417481) (4.2717390060424805  5.050380516797304  0.2553270161151886) (4.2717390060424805  5.050380516797304  0.76598101854324341) (4.2717390060424805  5.050380516797304  1.2766350507736206) (4.2717390060424805  5.050380516797304  1.787289023399353) (4.2717390060424805  5.050380516797304  2.297943115234375) (4.2717390060424805  5.050380516797304  2.8085970878601074) (4.2717390060424805  5.050380516797304  3.31925106048584) (4.2717390060424805  5.050380516797304  3.8299052715301514) (4.2717390060424805  5.050380516797304  4.340559005737305) (4.2717390060424805  5.050380516797304  4.851213455200195) (4.2717390060424805  5.050380516797304  5.361867427825928) (4.2717390060424805  5.050380516797304  5.87252140045166) (4.2717390060424805  5.050380516797304  6.383175373077393) (4.2717390060424805  5.050380516797304  6.893829345703125) (4.2717390060424805  5.050380516797304  7.404483318328857) (4.2717390060424805  5.050380516797304  7.915137767791748) (4.2717390060424805  5.050380516797304  8.425791740417481) (3.763852119445801  5.050380516797304  0.2553270161151886) (3.763852119445801  5.050380516797304  0.76598101854324341) (3.763852119445801  5.050380516797304  1.2766350507736206) (3.763852119445801  5.050380516797304  1.787289023399353) (3.763852119445801  5.050380516797304  2.297943115234375) (3.763852119445801  5.050380516797304  2.8085970878601074) (3.763852119445801  5.050380516797304  3.31925106048584) (3.763852119445801  5.050380516797304  3.8299052715301514) (3.763852119445801  5.050380516797304  4.340559005737305) (3.763852119445801  5.050380516797304  4.851213455200195) (3.763852119445801  5.050380516797304  5.361867427825928) (3.763852119445801  5.050380516797304  5.87252140045166) (3.763852119445801  5.050380516797304  6.383175373077393) (3.763852119445801  5.050380516797304  6.893829345703125) (3.763852119445801  5.050380516797304  7.404483318328857) (3.763852119445801  5.050380516797304  7.915137767791748) (3.763852119445801  5.050380516797304  8.425791740417481) (3.255964994430542  5.050380516797304  0.2553270161151886) (3.255964994430542  5.050380516797304  0.76598101854324341) (3.255964994430542  5.050380516797304  1.2766350507736206) (3.255964994430542  5.050380516797304  1.787289023399353) (3.255964994430542  5.050380516797304  2.297943115234375) (3.255964994430542  5.050380516797304  2.8085970878601074) (3.255964994430542  5.050380516797304  3.31925106048584) (3.255964994430542  5.050380516797304  3.8299052715301514) (3.255964994430542  5.050380516797304  4.340559005737305) (3.255964994430542  5.050380516797304  4.851213455200195) (3.255964994430542  5.050380516797304  5.361867427825928) (3.255964994430542  5.050380516797304  5.87252140045166) (3.255964994430542  5.050380516797304  6.383175373077393) (3.255964994430542  5.050380516797304  6.893829345703125) (3.255964994430542  5.050380516797304  7.404483318328857) (3.255964994430542  5.050380516797304  7.915137767791748) (3.255964994430542  5.050380516797304  8.425791740417481) (2.7480781078338623  5.050380516797304  0.2553270161151886) (2.7480781078338623  5.050380516797304  0.76598101854324341) (2.7480781078338623  5.050380516797304  1.2766350507736206) (2.7480781078338623  5.050380516797304  1.787289023399353) (2.7480781078338623  5.050380516797304  2.297943115234375) (2.7480781078338623  5.050380516797304  2.8085970878601074) (2.7480781078338623  5.050380516797304  3.31925106048584) (2.7480781078338623  5.050380516797304  3.8299052715301514) (2.7480781078338623  5.050380516797304  4.340559005737305) (2.7480781078338623  5.050380516797304  4.851213455200195) (2.7480781078338623  5.050380516797304  5.361867427825928) (2.7480781078338623  5.050380516797304  5.87252140045166) (2.7480781078338623  5.050380516797304  6.383175373077393) (2.7480781078338623  5.050380516797304  6.893829345703125) (2.7480781078338623  5.050380516797304  7.404483318328857) (2.7480781078338623  5.050380516797304  7.915137767791748) (2.7480781078338623  5.050380516797304  8.425791740417481) (2.2401912212371826  5.050380516797304  0.2553270161151886) (2.2401912212371826  5.050380516797304  0.76598101854324341) (2.2401912212371826  5.050380516797304  1.2766350507736206) (2.2401912212371826  5.050380516797304  1.787289023399353) (2.2401912212371826  5.050380516797304  2.297943115234375) (2.2401912212371826  5.050380516797304  2.8085970878601074) (2.2401912212371826  5.050380516797304  3.31925106048584) (2.2401912212371826  5.050380516797304  3.8299052715301514) (2.2401912212371826  5.050380516797304  4.340559005737305) (2.2401912212371826  5.050380516797304  4.851213455200195) (2.2401912212371826  5.050380516797304  5.361867427825928) (2.2401912212371826  5.050380516797304  5.87252140045166) (2.2401912212371826  5.050380516797304  6.383175373077393) (2.2401912212371826  5.050380516797304  6.893829345703125) (2.2401912212371826  5.050380516797304  7.404483318328857) (2.2401912212371826  5.050380516797304  7.915137767791748) (2.2401912212371826  5.050380516797304  8.425791740417481) (1.732304334640503  5.050380516797304  0.2553270161151886) (1.732304334640503  5.050380516797304  0.76598101854324341) (1.732304334640503  5.050380516797304  1.2766350507736206) (1.732304334640503  5.050380516797304  1.787289023399353) (1.732304334640503  5.050380516797304  2.297943115234375) (1.732304334640503  5.050380516797304  2.8085970878601074) (1.732304334640503  5.050380516797304  3.31925106048584) (1.732304334640503  5.050380516797304  3.8299052715301514) (1.732304334640503  5.050380516797304  4.340559005737305) (1.732304334640503  5.050380516797304  4.851213455200195) (1.732304334640503  5.050380516797304  5.361867427825928) (1.732304334640503  5.050380516797304  5.87252140045166) (1.732304334640503  5.050380516797304  6.383175373077393) (1.732304334640503  5.050380516797304  6.893829345703125) (1.732304334640503  5.050380516797304  7.404483318328857) (1.732304334640503  5.050380516797304  7.915137767791748) (1.732304334640503  5.050380516797304  8.425791740417481));

        writeControl		timeStep;

        writeInterval		1;

    }

}