/*--------------------------------*- C++ -*----------------------------------*\
| =========                 |                                                 |
| \\      /  F ield         | OpenFOAM: The Open Source CFD Toolbox           |
|  \\    /   O peration     | Version:  v1612+                                |
|   \\  /    A nd           | Web:      www.OpenFOAM.com                      |
|    \\/     M anipulation  |                                                 |
\*---------------------------------------------------------------------------*/
FoamFile
{
    version     2.0;
    format      ascii;
    class       vectorField;
    location    "1/polyMesh";
    object      points;
}
// * * * * * * * * * * * * * * * * * * * * * * * * * * * * * * * * * * * * * //


2542
(
(1 2.667695 -9.251859e-18)
(1.2 2.667695 1.850372e-17)
(1.4 2.667695 -9.251859e-18)
(1.6 2.667695 0)
(1.8 2.667695 0)
(2 2.667695 0)
(2.2 2.667695 -9.251859e-18)
(2.4 2.667695 0)
(2.6 2.667695 0)
(2.8 2.667695 2.775558e-17)
(3 2.667695 0)
(3.2 2.667695 0)
(3.4 2.667695 0)
(3.6 2.667695 0)
(3.8 2.667695 -4.625929e-18)
(4 2.667695 0)
(4.2 2.667695 0)
(4.4 2.667695 1.850372e-17)
(4.6 2.667695 -4.625929e-18)
(4.8 2.667695 0)
(5 2.667695 0)
(5.2 2.667695 0)
(5.4 2.667695 0)
(5.6 2.667695 0)
(5.8 2.667695 0)
(6 2.667695 0)
(6.2 2.667695 0)
(6.4 2.667695 4.625929e-18)
(6.6 2.667695 -2.312965e-18)
(6.8 2.667695 0)
(7 2.667695 2.312965e-18)
(7.2 2.667695 2.312965e-18)
(7.4 2.667695 -4.625929e-18)
(7.6 2.667695 -2.312965e-18)
(7.8 2.667695 -9.251859e-18)
(8 2.667695 -1.156482e-18)
(8.2 2.667695 1.156482e-18)
(8.4 2.667695 3.469447e-18)
(8.6 2.667695 -1.329955e-17)
(8.8 2.667695 -1.329955e-17)
(9 2.667695 -1.12757e-17)
(1 3.267695 -9.251859e-18)
(1.2 3.267695 1.850372e-17)
(1.4 3.267695 -9.251859e-18)
(1.6 3.267695 0)
(1.8 3.267695 0)
(2 3.267695 0)
(2.2 3.267695 -9.251859e-18)
(2.4 3.267695 0)
(2.6 3.267695 0)
(2.8 3.267695 2.775558e-17)
(3 3.267695 0)
(3.2 3.267695 0)
(3.4 3.267695 0)
(3.6 3.267695 0)
(3.8 3.267695 -4.625929e-18)
(4 3.267695 0)
(4.2 3.267695 0)
(4.4 3.267695 1.850372e-17)
(4.6 3.267695 -4.625929e-18)
(4.8 3.267695 0)
(5 3.267695 0)
(5.2 3.267695 0)
(5.4 3.267695 0)
(5.6 3.267695 0)
(5.8 3.267695 0)
(6 3.267695 0)
(6.2 3.267695 0)
(6.4 3.267695 4.625929e-18)
(6.6 3.267695 -2.312965e-18)
(6.8 3.267695 0)
(7 3.267695 2.312965e-18)
(7.2 3.267695 2.312965e-18)
(7.4 3.267695 -4.625929e-18)
(7.6 3.267695 -2.312965e-18)
(7.8 3.267695 -9.251859e-18)
(8 3.267695 -1.156482e-18)
(8.2 3.267695 1.156482e-18)
(8.4 3.267695 3.469447e-18)
(8.6 3.267695 -1.329955e-17)
(8.8 3.267695 -1.329955e-17)
(9 3.267695 -1.12757e-17)
(1 2.667695 0.2)
(1.2 2.667695 0.2)
(1.4 2.667695 0.2)
(1.6 2.667695 0.2)
(1.8 2.667695 0.2)
(2 2.667695 0.2)
(2.2 2.667695 0.2)
(2.4 2.667695 0.2)
(2.6 2.667695 0.2)
(2.8 2.667695 0.2)
(3 2.667695 0.2)
(3.2 2.667695 0.2)
(3.4 2.667695 0.2)
(3.6 2.667695 0.2)
(3.8 2.667695 0.2)
(4 2.667695 0.2)
(4.2 2.667695 0.2)
(4.4 2.667695 0.2)
(4.6 2.667695 0.2)
(4.8 2.667695 0.2)
(5 2.667695 0.2)
(5.2 2.667695 0.2)
(5.4 2.667695 0.2)
(5.6 2.667695 0.2)
(5.8 2.667695 0.2)
(6 2.667695 0.2)
(6.2 2.667695 0.2)
(6.4 2.667695 0.2)
(6.6 2.667695 0.2)
(6.8 2.667695 0.2)
(7 2.667695 0.2)
(7.2 2.667695 0.2)
(7.4 2.667695 0.2)
(7.6 2.667695 0.2)
(7.8 2.667695 0.2)
(8 2.667695 0.2)
(8.2 2.667695 0.2)
(8.4 2.667695 0.2)
(8.6 2.667695 0.2)
(8.8 2.667695 0.2)
(9 2.667695 0.2)
(1 3.267695 0.2)
(1.2 3.267695 0.2)
(1.4 3.267695 0.2)
(1.6 3.267695 0.2)
(1.8 3.267695 0.2)
(2 3.267695 0.2)
(2.2 3.267695 0.2)
(2.4 3.267695 0.2)
(2.6 3.267695 0.2)
(2.8 3.267695 0.2)
(3 3.267695 0.2)
(3.2 3.267695 0.2)
(3.4 3.267695 0.2)
(3.6 3.267695 0.2)
(3.8 3.267695 0.2)
(4 3.267695 0.2)
(4.2 3.267695 0.2)
(4.4 3.267695 0.2)
(4.6 3.267695 0.2)
(4.8 3.267695 0.2)
(5 3.267695 0.2)
(5.2 3.267695 0.2)
(5.4 3.267695 0.2)
(5.6 3.267695 0.2)
(5.8 3.267695 0.2)
(6 3.267695 0.2)
(6.2 3.267695 0.2)
(6.4 3.267695 0.2)
(6.6 3.267695 0.2)
(6.8 3.267695 0.2)
(7 3.267695 0.2)
(7.2 3.267695 0.2)
(7.4 3.267695 0.2)
(7.6 3.267695 0.2)
(7.8 3.267695 0.2)
(8 3.267695 0.2)
(8.2 3.267695 0.2)
(8.4 3.267695 0.2)
(8.6 3.267695 0.2)
(8.8 3.267695 0.2)
(9 3.267695 0.2)
(1 2.667695 0.4)
(1.2 2.667695 0.4)
(1.4 2.667695 0.4)
(1.6 2.667695 0.4)
(1.8 2.667695 0.4)
(2 2.667695 0.4)
(2.2 2.667695 0.4)
(2.4 2.667695 0.4)
(2.6 2.667695 0.4)
(2.8 2.667695 0.4)
(3 2.667695 0.4)
(3.2 2.667695 0.4)
(3.4 2.667695 0.4)
(3.6 2.667695 0.4)
(3.8 2.667695 0.4)
(4 2.667695 0.4)
(4.2 2.667695 0.4)
(4.4 2.667695 0.4)
(4.6 2.667695 0.4)
(4.8 2.667695 0.4)
(5 2.667695 0.4)
(5.2 2.667695 0.4)
(5.4 2.667695 0.4)
(5.6 2.667695 0.4)
(5.8 2.667695 0.4)
(6 2.667695 0.4)
(6.2 2.667695 0.4)
(6.4 2.667695 0.4)
(6.6 2.667695 0.4)
(6.8 2.667695 0.4)
(7 2.667695 0.4)
(7.2 2.667695 0.4)
(7.4 2.667695 0.4)
(7.6 2.667695 0.4)
(7.8 2.667695 0.4)
(8 2.667695 0.4)
(8.2 2.667695 0.4)
(8.4 2.667695 0.4)
(8.6 2.667695 0.4)
(8.8 2.667695 0.4)
(9 2.667695 0.4)
(1 3.267695 0.4)
(1.2 3.267695 0.4)
(1.4 3.267695 0.4)
(1.6 3.267695 0.4)
(1.8 3.267695 0.4)
(2 3.267695 0.4)
(2.2 3.267695 0.4)
(2.4 3.267695 0.4)
(2.6 3.267695 0.4)
(2.8 3.267695 0.4)
(3 3.267695 0.4)
(3.2 3.267695 0.4)
(3.4 3.267695 0.4)
(3.6 3.267695 0.4)
(3.8 3.267695 0.4)
(4 3.267695 0.4)
(4.2 3.267695 0.4)
(4.4 3.267695 0.4)
(4.6 3.267695 0.4)
(4.8 3.267695 0.4)
(5 3.267695 0.4)
(5.2 3.267695 0.4)
(5.4 3.267695 0.4)
(5.6 3.267695 0.4)
(5.8 3.267695 0.4)
(6 3.267695 0.4)
(6.2 3.267695 0.4)
(6.4 3.267695 0.4)
(6.6 3.267695 0.4)
(6.8 3.267695 0.4)
(7 3.267695 0.4)
(7.2 3.267695 0.4)
(7.4 3.267695 0.4)
(7.6 3.267695 0.4)
(7.8 3.267695 0.4)
(8 3.267695 0.4)
(8.2 3.267695 0.4)
(8.4 3.267695 0.4)
(8.6 3.267695 0.4)
(8.8 3.267695 0.4)
(9 3.267695 0.4)
(1 2.667695 0.6)
(1.2 2.667695 0.6)
(1.4 2.667695 0.6)
(1.6 2.667695 0.6)
(1.8 2.667695 0.6)
(2 2.667695 0.6)
(2.2 2.667695 0.6)
(2.4 2.667695 0.6)
(2.6 2.667695 0.6)
(2.8 2.667695 0.6)
(3 2.667695 0.6)
(3.2 2.667695 0.6)
(3.4 2.667695 0.6)
(3.6 2.667695 0.6)
(3.8 2.667695 0.6)
(4 2.667695 0.6)
(4.2 2.667695 0.6)
(4.4 2.667695 0.6)
(4.6 2.667695 0.6)
(4.8 2.667695 0.6)
(5 2.667695 0.6)
(5.2 2.667695 0.6)
(5.4 2.667695 0.6)
(5.6 2.667695 0.6)
(5.8 2.667695 0.6)
(6 2.667695 0.6)
(6.2 2.667695 0.6)
(6.4 2.667695 0.6)
(6.6 2.667695 0.6)
(6.8 2.667695 0.6)
(7 2.667695 0.6)
(7.2 2.667695 0.6)
(7.4 2.667695 0.6)
(7.6 2.667695 0.6)
(7.8 2.667695 0.6)
(8 2.667695 0.6)
(8.2 2.667695 0.6)
(8.4 2.667695 0.6)
(8.6 2.667695 0.6)
(8.8 2.667695 0.6)
(9 2.667695 0.6)
(1 3.267695 0.6)
(1.2 3.267695 0.6)
(1.4 3.267695 0.6)
(1.6 3.267695 0.6)
(1.8 3.267695 0.6)
(2 3.267695 0.6)
(2.2 3.267695 0.6)
(2.4 3.267695 0.6)
(2.6 3.267695 0.6)
(2.8 3.267695 0.6)
(3 3.267695 0.6)
(3.2 3.267695 0.6)
(3.4 3.267695 0.6)
(3.6 3.267695 0.6)
(3.8 3.267695 0.6)
(4 3.267695 0.6)
(4.2 3.267695 0.6)
(4.4 3.267695 0.6)
(4.6 3.267695 0.6)
(4.8 3.267695 0.6)
(5 3.267695 0.6)
(5.2 3.267695 0.6)
(5.4 3.267695 0.6)
(5.6 3.267695 0.6)
(5.8 3.267695 0.6)
(6 3.267695 0.6)
(6.2 3.267695 0.6)
(6.4 3.267695 0.6)
(6.6 3.267695 0.6)
(6.8 3.267695 0.6)
(7 3.267695 0.6)
(7.2 3.267695 0.6)
(7.4 3.267695 0.6)
(7.6 3.267695 0.6)
(7.8 3.267695 0.6)
(8 3.267695 0.6)
(8.2 3.267695 0.6)
(8.4 3.267695 0.6)
(8.6 3.267695 0.6)
(8.8 3.267695 0.6)
(9 3.267695 0.6)
(1 2.667695 0.8)
(1.2 2.667695 0.8)
(1.4 2.667695 0.8)
(1.6 2.667695 0.8)
(1.8 2.667695 0.8)
(2 2.667695 0.8)
(2.2 2.667695 0.8)
(2.4 2.667695 0.8)
(2.6 2.667695 0.8)
(2.8 2.667695 0.8)
(3 2.667695 0.8)
(3.2 2.667695 0.8)
(3.4 2.667695 0.8)
(3.6 2.667695 0.8)
(3.8 2.667695 0.8)
(4 2.667695 0.8)
(4.2 2.667695 0.8)
(4.4 2.667695 0.8)
(4.6 2.667695 0.8)
(4.8 2.667695 0.8)
(5 2.667695 0.8)
(5.2 2.667695 0.8)
(5.4 2.667695 0.8)
(5.6 2.667695 0.8)
(5.8 2.667695 0.8)
(6 2.667695 0.8)
(6.2 2.667695 0.8)
(6.4 2.667695 0.8)
(6.6 2.667695 0.8)
(6.8 2.667695 0.8)
(7 2.667695 0.8)
(7.2 2.667695 0.8)
(7.4 2.667695 0.8)
(7.6 2.667695 0.8)
(7.8 2.667695 0.8)
(8 2.667695 0.8)
(8.2 2.667695 0.8)
(8.4 2.667695 0.8)
(8.6 2.667695 0.8)
(8.8 2.667695 0.8)
(9 2.667695 0.8)
(1 3.267695 0.8)
(1.2 3.267695 0.8)
(1.4 3.267695 0.8)
(1.6 3.267695 0.8)
(1.8 3.267695 0.8)
(2 3.267695 0.8)
(2.2 3.267695 0.8)
(2.4 3.267695 0.8)
(2.6 3.267695 0.8)
(2.8 3.267695 0.8)
(3 3.267695 0.8)
(3.2 3.267695 0.8)
(3.4 3.267695 0.8)
(3.6 3.267695 0.8)
(3.8 3.267695 0.8)
(4 3.267695 0.8)
(4.2 3.267695 0.8)
(4.4 3.267695 0.8)
(4.6 3.267695 0.8)
(4.8 3.267695 0.8)
(5 3.267695 0.8)
(5.2 3.267695 0.8)
(5.4 3.267695 0.8)
(5.6 3.267695 0.8)
(5.8 3.267695 0.8)
(6 3.267695 0.8)
(6.2 3.267695 0.8)
(6.4 3.267695 0.8)
(6.6 3.267695 0.8)
(6.8 3.267695 0.8)
(7 3.267695 0.8)
(7.2 3.267695 0.8)
(7.4 3.267695 0.8)
(7.6 3.267695 0.8)
(7.8 3.267695 0.8)
(8 3.267695 0.8)
(8.2 3.267695 0.8)
(8.4 3.267695 0.8)
(8.6 3.267695 0.8)
(8.8 3.267695 0.8)
(9 3.267695 0.8)
(1 2.667695 1)
(1.2 2.667695 1)
(1.4 2.667695 1)
(1.6 2.667695 1)
(1.8 2.667695 1)
(2 2.667695 1)
(2.2 2.667695 1)
(2.4 2.667695 1)
(2.6 2.667695 1)
(2.8 2.667695 1)
(3 2.667695 1)
(3.2 2.667695 1)
(3.4 2.667695 1)
(3.6 2.667695 1)
(3.8 2.667695 1)
(4 2.667695 1)
(4.2 2.667695 1)
(4.4 2.667695 1)
(4.6 2.667695 1)
(4.8 2.667695 1)
(5 2.667695 1)
(5.2 2.667695 1)
(5.4 2.667695 1)
(5.6 2.667695 1)
(5.8 2.667695 1)
(6 2.667695 1)
(6.2 2.667695 1)
(6.4 2.667695 1)
(6.6 2.667695 1)
(6.8 2.667695 1)
(7 2.667695 1)
(7.2 2.667695 1)
(7.4 2.667695 1)
(7.6 2.667695 1)
(7.8 2.667695 1)
(8 2.667695 1)
(8.2 2.667695 1)
(8.4 2.667695 1)
(8.6 2.667695 1)
(8.8 2.667695 1)
(9 2.667695 1)
(1 3.267695 1)
(1.2 3.267695 1)
(1.4 3.267695 1)
(1.6 3.267695 1)
(1.8 3.267695 1)
(2 3.267695 1)
(2.2 3.267695 1)
(2.4 3.267695 1)
(2.6 3.267695 1)
(2.8 3.267695 1)
(3 3.267695 1)
(3.2 3.267695 1)
(3.4 3.267695 1)
(3.6 3.267695 1)
(3.8 3.267695 1)
(4 3.267695 1)
(4.2 3.267695 1)
(4.4 3.267695 1)
(4.6 3.267695 1)
(4.8 3.267695 1)
(5 3.267695 1)
(5.2 3.267695 1)
(5.4 3.267695 1)
(5.6 3.267695 1)
(5.8 3.267695 1)
(6 3.267695 1)
(6.2 3.267695 1)
(6.4 3.267695 1)
(6.6 3.267695 1)
(6.8 3.267695 1)
(7 3.267695 1)
(7.2 3.267695 1)
(7.4 3.267695 1)
(7.6 3.267695 1)
(7.8 3.267695 1)
(8 3.267695 1)
(8.2 3.267695 1)
(8.4 3.267695 1)
(8.6 3.267695 1)
(8.8 3.267695 1)
(9 3.267695 1)
(1 2.667695 1.2)
(1.2 2.667695 1.2)
(1.4 2.667695 1.2)
(1.6 2.667695 1.2)
(1.8 2.667695 1.2)
(2 2.667695 1.2)
(2.2 2.667695 1.2)
(2.4 2.667695 1.2)
(2.6 2.667695 1.2)
(2.8 2.667695 1.2)
(3 2.667695 1.2)
(3.2 2.667695 1.2)
(3.4 2.667695 1.2)
(3.6 2.667695 1.2)
(3.8 2.667695 1.2)
(4 2.667695 1.2)
(4.2 2.667695 1.2)
(4.4 2.667695 1.2)
(4.6 2.667695 1.2)
(4.8 2.667695 1.2)
(5 2.667695 1.2)
(5.2 2.667695 1.2)
(5.4 2.667695 1.2)
(5.6 2.667695 1.2)
(5.8 2.667695 1.2)
(6 2.667695 1.2)
(6.2 2.667695 1.2)
(6.4 2.667695 1.2)
(6.6 2.667695 1.2)
(6.8 2.667695 1.2)
(7 2.667695 1.2)
(7.2 2.667695 1.2)
(7.4 2.667695 1.2)
(7.6 2.667695 1.2)
(7.8 2.667695 1.2)
(8 2.667695 1.2)
(8.2 2.667695 1.2)
(8.4 2.667695 1.2)
(8.6 2.667695 1.2)
(8.8 2.667695 1.2)
(9 2.667695 1.2)
(1 3.267695 1.2)
(1.2 3.267695 1.2)
(1.4 3.267695 1.2)
(1.6 3.267695 1.2)
(1.8 3.267695 1.2)
(2 3.267695 1.2)
(2.2 3.267695 1.2)
(2.4 3.267695 1.2)
(2.6 3.267695 1.2)
(2.8 3.267695 1.2)
(3 3.267695 1.2)
(3.2 3.267695 1.2)
(3.4 3.267695 1.2)
(3.6 3.267695 1.2)
(3.8 3.267695 1.2)
(4 3.267695 1.2)
(4.2 3.267695 1.2)
(4.4 3.267695 1.2)
(4.6 3.267695 1.2)
(4.8 3.267695 1.2)
(5 3.267695 1.2)
(5.2 3.267695 1.2)
(5.4 3.267695 1.2)
(5.6 3.267695 1.2)
(5.8 3.267695 1.2)
(6 3.267695 1.2)
(6.2 3.267695 1.2)
(6.4 3.267695 1.2)
(6.6 3.267695 1.2)
(6.8 3.267695 1.2)
(7 3.267695 1.2)
(7.2 3.267695 1.2)
(7.4 3.267695 1.2)
(7.6 3.267695 1.2)
(7.8 3.267695 1.2)
(8 3.267695 1.2)
(8.2 3.267695 1.2)
(8.4 3.267695 1.2)
(8.6 3.267695 1.2)
(8.8 3.267695 1.2)
(9 3.267695 1.2)
(1 2.667695 1.4)
(1.2 2.667695 1.4)
(1.4 2.667695 1.4)
(1.6 2.667695 1.4)
(1.8 2.667695 1.4)
(2 2.667695 1.4)
(2.2 2.667695 1.4)
(2.4 2.667695 1.4)
(2.6 2.667695 1.4)
(2.8 2.667695 1.4)
(3 2.667695 1.4)
(3.2 2.667695 1.4)
(3.4 2.667695 1.4)
(3.6 2.667695 1.4)
(3.8 2.667695 1.4)
(4 2.667695 1.4)
(4.2 2.667695 1.4)
(4.4 2.667695 1.4)
(4.6 2.667695 1.4)
(4.8 2.667695 1.4)
(5 2.667695 1.4)
(5.2 2.667695 1.4)
(5.4 2.667695 1.4)
(5.6 2.667695 1.4)
(5.8 2.667695 1.4)
(6 2.667695 1.4)
(6.2 2.667695 1.4)
(6.4 2.667695 1.4)
(6.6 2.667695 1.4)
(6.8 2.667695 1.4)
(7 2.667695 1.4)
(7.2 2.667695 1.4)
(7.4 2.667695 1.4)
(7.6 2.667695 1.4)
(7.8 2.667695 1.4)
(8 2.667695 1.4)
(8.2 2.667695 1.4)
(8.4 2.667695 1.4)
(8.6 2.667695 1.4)
(8.8 2.667695 1.4)
(9 2.667695 1.4)
(1 3.267695 1.4)
(1.2 3.267695 1.4)
(1.4 3.267695 1.4)
(1.6 3.267695 1.4)
(1.8 3.267695 1.4)
(2 3.267695 1.4)
(2.2 3.267695 1.4)
(2.4 3.267695 1.4)
(2.6 3.267695 1.4)
(2.8 3.267695 1.4)
(3 3.267695 1.4)
(3.2 3.267695 1.4)
(3.4 3.267695 1.4)
(3.6 3.267695 1.4)
(3.8 3.267695 1.4)
(4 3.267695 1.4)
(4.2 3.267695 1.4)
(4.4 3.267695 1.4)
(4.6 3.267695 1.4)
(4.8 3.267695 1.4)
(5 3.267695 1.4)
(5.2 3.267695 1.4)
(5.4 3.267695 1.4)
(5.6 3.267695 1.4)
(5.8 3.267695 1.4)
(6 3.267695 1.4)
(6.2 3.267695 1.4)
(6.4 3.267695 1.4)
(6.6 3.267695 1.4)
(6.8 3.267695 1.4)
(7 3.267695 1.4)
(7.2 3.267695 1.4)
(7.4 3.267695 1.4)
(7.6 3.267695 1.4)
(7.8 3.267695 1.4)
(8 3.267695 1.4)
(8.2 3.267695 1.4)
(8.4 3.267695 1.4)
(8.6 3.267695 1.4)
(8.8 3.267695 1.4)
(9 3.267695 1.4)
(1 2.667695 1.6)
(1.2 2.667695 1.6)
(1.4 2.667695 1.6)
(1.6 2.667695 1.6)
(1.8 2.667695 1.6)
(2 2.667695 1.6)
(2.2 2.667695 1.6)
(2.4 2.667695 1.6)
(2.6 2.667695 1.6)
(2.8 2.667695 1.6)
(3 2.667695 1.6)
(3.2 2.667695 1.6)
(3.4 2.667695 1.6)
(3.6 2.667695 1.6)
(3.8 2.667695 1.6)
(4 2.667695 1.6)
(4.2 2.667695 1.6)
(4.4 2.667695 1.6)
(4.6 2.667695 1.6)
(4.8 2.667695 1.6)
(5 2.667695 1.6)
(5.2 2.667695 1.6)
(5.4 2.667695 1.6)
(5.6 2.667695 1.6)
(5.8 2.667695 1.6)
(6 2.667695 1.6)
(6.2 2.667695 1.6)
(6.4 2.667695 1.6)
(6.6 2.667695 1.6)
(6.8 2.667695 1.6)
(7 2.667695 1.6)
(7.2 2.667695 1.6)
(7.4 2.667695 1.6)
(7.6 2.667695 1.6)
(7.8 2.667695 1.6)
(8 2.667695 1.6)
(8.2 2.667695 1.6)
(8.4 2.667695 1.6)
(8.6 2.667695 1.6)
(8.8 2.667695 1.6)
(9 2.667695 1.6)
(1 3.267695 1.6)
(1.2 3.267695 1.6)
(1.4 3.267695 1.6)
(1.6 3.267695 1.6)
(1.8 3.267695 1.6)
(2 3.267695 1.6)
(2.2 3.267695 1.6)
(2.4 3.267695 1.6)
(2.6 3.267695 1.6)
(2.8 3.267695 1.6)
(3 3.267695 1.6)
(3.2 3.267695 1.6)
(3.4 3.267695 1.6)
(3.6 3.267695 1.6)
(3.8 3.267695 1.6)
(4 3.267695 1.6)
(4.2 3.267695 1.6)
(4.4 3.267695 1.6)
(4.6 3.267695 1.6)
(4.8 3.267695 1.6)
(5 3.267695 1.6)
(5.2 3.267695 1.6)
(5.4 3.267695 1.6)
(5.6 3.267695 1.6)
(5.8 3.267695 1.6)
(6 3.267695 1.6)
(6.2 3.267695 1.6)
(6.4 3.267695 1.6)
(6.6 3.267695 1.6)
(6.8 3.267695 1.6)
(7 3.267695 1.6)
(7.2 3.267695 1.6)
(7.4 3.267695 1.6)
(7.6 3.267695 1.6)
(7.8 3.267695 1.6)
(8 3.267695 1.6)
(8.2 3.267695 1.6)
(8.4 3.267695 1.6)
(8.6 3.267695 1.6)
(8.8 3.267695 1.6)
(9 3.267695 1.6)
(1 2.667695 1.8)
(1.2 2.667695 1.8)
(1.4 2.667695 1.8)
(1.6 2.667695 1.8)
(1.8 2.667695 1.8)
(2 2.667695 1.8)
(2.2 2.667695 1.8)
(2.4 2.667695 1.8)
(2.6 2.667695 1.8)
(2.8 2.667695 1.8)
(3 2.667695 1.8)
(3.2 2.667695 1.8)
(3.4 2.667695 1.8)
(3.6 2.667695 1.8)
(3.8 2.667695 1.8)
(4 2.667695 1.8)
(4.2 2.667695 1.8)
(4.4 2.667695 1.8)
(4.6 2.667695 1.8)
(4.8 2.667695 1.8)
(5 2.667695 1.8)
(5.2 2.667695 1.8)
(5.4 2.667695 1.8)
(5.6 2.667695 1.8)
(5.8 2.667695 1.8)
(6 2.667695 1.8)
(6.2 2.667695 1.8)
(6.4 2.667695 1.8)
(6.6 2.667695 1.8)
(6.8 2.667695 1.8)
(7 2.667695 1.8)
(7.2 2.667695 1.8)
(7.4 2.667695 1.8)
(7.6 2.667695 1.8)
(7.8 2.667695 1.8)
(8 2.667695 1.8)
(8.2 2.667695 1.8)
(8.4 2.667695 1.8)
(8.6 2.667695 1.8)
(8.8 2.667695 1.8)
(9 2.667695 1.8)
(1 3.267695 1.8)
(1.2 3.267695 1.8)
(1.4 3.267695 1.8)
(1.6 3.267695 1.8)
(1.8 3.267695 1.8)
(2 3.267695 1.8)
(2.2 3.267695 1.8)
(2.4 3.267695 1.8)
(2.6 3.267695 1.8)
(2.8 3.267695 1.8)
(3 3.267695 1.8)
(3.2 3.267695 1.8)
(3.4 3.267695 1.8)
(3.6 3.267695 1.8)
(3.8 3.267695 1.8)
(4 3.267695 1.8)
(4.2 3.267695 1.8)
(4.4 3.267695 1.8)
(4.6 3.267695 1.8)
(4.8 3.267695 1.8)
(5 3.267695 1.8)
(5.2 3.267695 1.8)
(5.4 3.267695 1.8)
(5.6 3.267695 1.8)
(5.8 3.267695 1.8)
(6 3.267695 1.8)
(6.2 3.267695 1.8)
(6.4 3.267695 1.8)
(6.6 3.267695 1.8)
(6.8 3.267695 1.8)
(7 3.267695 1.8)
(7.2 3.267695 1.8)
(7.4 3.267695 1.8)
(7.6 3.267695 1.8)
(7.8 3.267695 1.8)
(8 3.267695 1.8)
(8.2 3.267695 1.8)
(8.4 3.267695 1.8)
(8.6 3.267695 1.8)
(8.8 3.267695 1.8)
(9 3.267695 1.8)
(1 2.667695 2)
(1.2 2.667695 2)
(1.4 2.667695 2)
(1.6 2.667695 2)
(1.8 2.667695 2)
(2 2.667695 2)
(2.2 2.667695 2)
(2.4 2.667695 2)
(2.6 2.667695 2)
(2.8 2.667695 2)
(3 2.667695 2)
(3.2 2.667695 2)
(3.4 2.667695 2)
(3.6 2.667695 2)
(3.8 2.667695 2)
(4 2.667695 2)
(4.2 2.667695 2)
(4.4 2.667695 2)
(4.6 2.667695 2)
(4.8 2.667695 2)
(5 2.667695 2)
(5.2 2.667695 2)
(5.4 2.667695 2)
(5.6 2.667695 2)
(5.8 2.667695 2)
(6 2.667695 2)
(6.2 2.667695 2)
(6.4 2.667695 2)
(6.6 2.667695 2)
(6.8 2.667695 2)
(7 2.667695 2)
(7.2 2.667695 2)
(7.4 2.667695 2)
(7.6 2.667695 2)
(7.8 2.667695 2)
(8 2.667695 2)
(8.2 2.667695 2)
(8.4 2.667695 2)
(8.6 2.667695 2)
(8.8 2.667695 2)
(9 2.667695 2)
(1 3.267695 2)
(1.2 3.267695 2)
(1.4 3.267695 2)
(1.6 3.267695 2)
(1.8 3.267695 2)
(2 3.267695 2)
(2.2 3.267695 2)
(2.4 3.267695 2)
(2.6 3.267695 2)
(2.8 3.267695 2)
(3 3.267695 2)
(3.2 3.267695 2)
(3.4 3.267695 2)
(3.6 3.267695 2)
(3.8 3.267695 2)
(4 3.267695 2)
(4.2 3.267695 2)
(4.4 3.267695 2)
(4.6 3.267695 2)
(4.8 3.267695 2)
(5 3.267695 2)
(5.2 3.267695 2)
(5.4 3.267695 2)
(5.6 3.267695 2)
(5.8 3.267695 2)
(6 3.267695 2)
(6.2 3.267695 2)
(6.4 3.267695 2)
(6.6 3.267695 2)
(6.8 3.267695 2)
(7 3.267695 2)
(7.2 3.267695 2)
(7.4 3.267695 2)
(7.6 3.267695 2)
(7.8 3.267695 2)
(8 3.267695 2)
(8.2 3.267695 2)
(8.4 3.267695 2)
(8.6 3.267695 2)
(8.8 3.267695 2)
(9 3.267695 2)
(1 2.667695 2.2)
(1.2 2.667695 2.2)
(1.4 2.667695 2.2)
(1.6 2.667695 2.2)
(1.8 2.667695 2.2)
(2 2.667695 2.2)
(2.2 2.667695 2.2)
(2.4 2.667695 2.2)
(2.6 2.667695 2.2)
(2.8 2.667695 2.2)
(3 2.667695 2.2)
(3.2 2.667695 2.2)
(3.4 2.667695 2.2)
(3.6 2.667695 2.2)
(3.8 2.667695 2.2)
(4 2.667695 2.2)
(4.2 2.667695 2.2)
(4.4 2.667695 2.2)
(4.6 2.667695 2.2)
(4.8 2.667695 2.2)
(5 2.667695 2.2)
(5.2 2.667695 2.2)
(5.4 2.667695 2.2)
(5.6 2.667695 2.2)
(5.8 2.667695 2.2)
(6 2.667695 2.2)
(6.2 2.667695 2.2)
(6.4 2.667695 2.2)
(6.6 2.667695 2.2)
(6.8 2.667695 2.2)
(7 2.667695 2.2)
(7.2 2.667695 2.2)
(7.4 2.667695 2.2)
(7.6 2.667695 2.2)
(7.8 2.667695 2.2)
(8 2.667695 2.2)
(8.2 2.667695 2.2)
(8.4 2.667695 2.2)
(8.6 2.667695 2.2)
(8.8 2.667695 2.2)
(9 2.667695 2.2)
(1 3.267695 2.2)
(1.2 3.267695 2.2)
(1.4 3.267695 2.2)
(1.6 3.267695 2.2)
(1.8 3.267695 2.2)
(2 3.267695 2.2)
(2.2 3.267695 2.2)
(2.4 3.267695 2.2)
(2.6 3.267695 2.2)
(2.8 3.267695 2.2)
(3 3.267695 2.2)
(3.2 3.267695 2.2)
(3.4 3.267695 2.2)
(3.6 3.267695 2.2)
(3.8 3.267695 2.2)
(4 3.267695 2.2)
(4.2 3.267695 2.2)
(4.4 3.267695 2.2)
(4.6 3.267695 2.2)
(4.8 3.267695 2.2)
(5 3.267695 2.2)
(5.2 3.267695 2.2)
(5.4 3.267695 2.2)
(5.6 3.267695 2.2)
(5.8 3.267695 2.2)
(6 3.267695 2.2)
(6.2 3.267695 2.2)
(6.4 3.267695 2.2)
(6.6 3.267695 2.2)
(6.8 3.267695 2.2)
(7 3.267695 2.2)
(7.2 3.267695 2.2)
(7.4 3.267695 2.2)
(7.6 3.267695 2.2)
(7.8 3.267695 2.2)
(8 3.267695 2.2)
(8.2 3.267695 2.2)
(8.4 3.267695 2.2)
(8.6 3.267695 2.2)
(8.8 3.267695 2.2)
(9 3.267695 2.2)
(1 2.667695 2.4)
(1.2 2.667695 2.4)
(1.4 2.667695 2.4)
(1.6 2.667695 2.4)
(1.8 2.667695 2.4)
(2 2.667695 2.4)
(2.2 2.667695 2.4)
(2.4 2.667695 2.4)
(2.6 2.667695 2.4)
(2.8 2.667695 2.4)
(3 2.667695 2.4)
(3.2 2.667695 2.4)
(3.4 2.667695 2.4)
(3.6 2.667695 2.4)
(3.8 2.667695 2.4)
(4 2.667695 2.4)
(4.2 2.667695 2.4)
(4.4 2.667695 2.4)
(4.6 2.667695 2.4)
(4.8 2.667695 2.4)
(5 2.667695 2.4)
(5.2 2.667695 2.4)
(5.4 2.667695 2.4)
(5.6 2.667695 2.4)
(5.8 2.667695 2.4)
(6 2.667695 2.4)
(6.2 2.667695 2.4)
(6.4 2.667695 2.4)
(6.6 2.667695 2.4)
(6.8 2.667695 2.4)
(7 2.667695 2.4)
(7.2 2.667695 2.4)
(7.4 2.667695 2.4)
(7.6 2.667695 2.4)
(7.8 2.667695 2.4)
(8 2.667695 2.4)
(8.2 2.667695 2.4)
(8.4 2.667695 2.4)
(8.6 2.667695 2.4)
(8.8 2.667695 2.4)
(9 2.667695 2.4)
(1 3.267695 2.4)
(1.2 3.267695 2.4)
(1.4 3.267695 2.4)
(1.6 3.267695 2.4)
(1.8 3.267695 2.4)
(2 3.267695 2.4)
(2.2 3.267695 2.4)
(2.4 3.267695 2.4)
(2.6 3.267695 2.4)
(2.8 3.267695 2.4)
(3 3.267695 2.4)
(3.2 3.267695 2.4)
(3.4 3.267695 2.4)
(3.6 3.267695 2.4)
(3.8 3.267695 2.4)
(4 3.267695 2.4)
(4.2 3.267695 2.4)
(4.4 3.267695 2.4)
(4.6 3.267695 2.4)
(4.8 3.267695 2.4)
(5 3.267695 2.4)
(5.2 3.267695 2.4)
(5.4 3.267695 2.4)
(5.6 3.267695 2.4)
(5.8 3.267695 2.4)
(6 3.267695 2.4)
(6.2 3.267695 2.4)
(6.4 3.267695 2.4)
(6.6 3.267695 2.4)
(6.8 3.267695 2.4)
(7 3.267695 2.4)
(7.2 3.267695 2.4)
(7.4 3.267695 2.4)
(7.6 3.267695 2.4)
(7.8 3.267695 2.4)
(8 3.267695 2.4)
(8.2 3.267695 2.4)
(8.4 3.267695 2.4)
(8.6 3.267695 2.4)
(8.8 3.267695 2.4)
(9 3.267695 2.4)
(1 2.667695 2.6)
(1.2 2.667695 2.6)
(1.4 2.667695 2.6)
(1.6 2.667695 2.6)
(1.8 2.667695 2.6)
(2 2.667695 2.6)
(2.2 2.667695 2.6)
(2.4 2.667695 2.6)
(2.6 2.667695 2.6)
(2.8 2.667695 2.6)
(3 2.667695 2.6)
(3.2 2.667695 2.6)
(3.4 2.667695 2.6)
(3.6 2.667695 2.6)
(3.8 2.667695 2.6)
(4 2.667695 2.6)
(4.2 2.667695 2.6)
(4.4 2.667695 2.6)
(4.6 2.667695 2.6)
(4.8 2.667695 2.6)
(5 2.667695 2.6)
(5.2 2.667695 2.6)
(5.4 2.667695 2.6)
(5.6 2.667695 2.6)
(5.8 2.667695 2.6)
(6 2.667695 2.6)
(6.2 2.667695 2.6)
(6.4 2.667695 2.6)
(6.6 2.667695 2.6)
(6.8 2.667695 2.6)
(7 2.667695 2.6)
(7.2 2.667695 2.6)
(7.4 2.667695 2.6)
(7.6 2.667695 2.6)
(7.8 2.667695 2.6)
(8 2.667695 2.6)
(8.2 2.667695 2.6)
(8.4 2.667695 2.6)
(8.6 2.667695 2.6)
(8.8 2.667695 2.6)
(9 2.667695 2.6)
(1 3.267695 2.6)
(1.2 3.267695 2.6)
(1.4 3.267695 2.6)
(1.6 3.267695 2.6)
(1.8 3.267695 2.6)
(2 3.267695 2.6)
(2.2 3.267695 2.6)
(2.4 3.267695 2.6)
(2.6 3.267695 2.6)
(2.8 3.267695 2.6)
(3 3.267695 2.6)
(3.2 3.267695 2.6)
(3.4 3.267695 2.6)
(3.6 3.267695 2.6)
(3.8 3.267695 2.6)
(4 3.267695 2.6)
(4.2 3.267695 2.6)
(4.4 3.267695 2.6)
(4.6 3.267695 2.6)
(4.8 3.267695 2.6)
(5 3.267695 2.6)
(5.2 3.267695 2.6)
(5.4 3.267695 2.6)
(5.6 3.267695 2.6)
(5.8 3.267695 2.6)
(6 3.267695 2.6)
(6.2 3.267695 2.6)
(6.4 3.267695 2.6)
(6.6 3.267695 2.6)
(6.8 3.267695 2.6)
(7 3.267695 2.6)
(7.2 3.267695 2.6)
(7.4 3.267695 2.6)
(7.6 3.267695 2.6)
(7.8 3.267695 2.6)
(8 3.267695 2.6)
(8.2 3.267695 2.6)
(8.4 3.267695 2.6)
(8.6 3.267695 2.6)
(8.8 3.267695 2.6)
(9 3.267695 2.6)
(1 2.667695 2.8)
(1.2 2.667695 2.8)
(1.4 2.667695 2.8)
(1.6 2.667695 2.8)
(1.8 2.667695 2.8)
(2 2.667695 2.8)
(2.2 2.667695 2.8)
(2.4 2.667695 2.8)
(2.6 2.667695 2.8)
(2.8 2.667695 2.8)
(3 2.667695 2.8)
(3.2 2.667695 2.8)
(3.4 2.667695 2.8)
(3.6 2.667695 2.8)
(3.8 2.667695 2.8)
(4 2.667695 2.8)
(4.2 2.667695 2.8)
(4.4 2.667695 2.8)
(4.6 2.667695 2.8)
(4.8 2.667695 2.8)
(5 2.667695 2.8)
(5.2 2.667695 2.8)
(5.4 2.667695 2.8)
(5.6 2.667695 2.8)
(5.8 2.667695 2.8)
(6 2.667695 2.8)
(6.2 2.667695 2.8)
(6.4 2.667695 2.8)
(6.6 2.667695 2.8)
(6.8 2.667695 2.8)
(7 2.667695 2.8)
(7.2 2.667695 2.8)
(7.4 2.667695 2.8)
(7.6 2.667695 2.8)
(7.8 2.667695 2.8)
(8 2.667695 2.8)
(8.2 2.667695 2.8)
(8.4 2.667695 2.8)
(8.6 2.667695 2.8)
(8.8 2.667695 2.8)
(9 2.667695 2.8)
(1 3.267695 2.8)
(1.2 3.267695 2.8)
(1.4 3.267695 2.8)
(1.6 3.267695 2.8)
(1.8 3.267695 2.8)
(2 3.267695 2.8)
(2.2 3.267695 2.8)
(2.4 3.267695 2.8)
(2.6 3.267695 2.8)
(2.8 3.267695 2.8)
(3 3.267695 2.8)
(3.2 3.267695 2.8)
(3.4 3.267695 2.8)
(3.6 3.267695 2.8)
(3.8 3.267695 2.8)
(4 3.267695 2.8)
(4.2 3.267695 2.8)
(4.4 3.267695 2.8)
(4.6 3.267695 2.8)
(4.8 3.267695 2.8)
(5 3.267695 2.8)
(5.2 3.267695 2.8)
(5.4 3.267695 2.8)
(5.6 3.267695 2.8)
(5.8 3.267695 2.8)
(6 3.267695 2.8)
(6.2 3.267695 2.8)
(6.4 3.267695 2.8)
(6.6 3.267695 2.8)
(6.8 3.267695 2.8)
(7 3.267695 2.8)
(7.2 3.267695 2.8)
(7.4 3.267695 2.8)
(7.6 3.267695 2.8)
(7.8 3.267695 2.8)
(8 3.267695 2.8)
(8.2 3.267695 2.8)
(8.4 3.267695 2.8)
(8.6 3.267695 2.8)
(8.8 3.267695 2.8)
(9 3.267695 2.8)
(1 2.667695 3)
(1.2 2.667695 3)
(1.4 2.667695 3)
(1.6 2.667695 3)
(1.8 2.667695 3)
(2 2.667695 3)
(2.2 2.667695 3)
(2.4 2.667695 3)
(2.6 2.667695 3)
(2.8 2.667695 3)
(3 2.667695 3)
(3.2 2.667695 3)
(3.4 2.667695 3)
(3.6 2.667695 3)
(3.8 2.667695 3)
(4 2.667695 3)
(4.2 2.667695 3)
(4.4 2.667695 3)
(4.6 2.667695 3)
(4.8 2.667695 3)
(5 2.667695 3)
(5.2 2.667695 3)
(5.4 2.667695 3)
(5.6 2.667695 3)
(5.8 2.667695 3)
(6 2.667695 3)
(6.2 2.667695 3)
(6.4 2.667695 3)
(6.6 2.667695 3)
(6.8 2.667695 3)
(7 2.667695 3)
(7.2 2.667695 3)
(7.4 2.667695 3)
(7.6 2.667695 3)
(7.8 2.667695 3)
(8 2.667695 3)
(8.2 2.667695 3)
(8.4 2.667695 3)
(8.6 2.667695 3)
(8.8 2.667695 3)
(9 2.667695 3)
(1 3.267695 3)
(1.2 3.267695 3)
(1.4 3.267695 3)
(1.6 3.267695 3)
(1.8 3.267695 3)
(2 3.267695 3)
(2.2 3.267695 3)
(2.4 3.267695 3)
(2.6 3.267695 3)
(2.8 3.267695 3)
(3 3.267695 3)
(3.2 3.267695 3)
(3.4 3.267695 3)
(3.6 3.267695 3)
(3.8 3.267695 3)
(4 3.267695 3)
(4.2 3.267695 3)
(4.4 3.267695 3)
(4.6 3.267695 3)
(4.8 3.267695 3)
(5 3.267695 3)
(5.2 3.267695 3)
(5.4 3.267695 3)
(5.6 3.267695 3)
(5.8 3.267695 3)
(6 3.267695 3)
(6.2 3.267695 3)
(6.4 3.267695 3)
(6.6 3.267695 3)
(6.8 3.267695 3)
(7 3.267695 3)
(7.2 3.267695 3)
(7.4 3.267695 3)
(7.6 3.267695 3)
(7.8 3.267695 3)
(8 3.267695 3)
(8.2 3.267695 3)
(8.4 3.267695 3)
(8.6 3.267695 3)
(8.8 3.267695 3)
(9 3.267695 3)
(1 2.667695 3.2)
(1.2 2.667695 3.2)
(1.4 2.667695 3.2)
(1.6 2.667695 3.2)
(1.8 2.667695 3.2)
(2 2.667695 3.2)
(2.2 2.667695 3.2)
(2.4 2.667695 3.2)
(2.6 2.667695 3.2)
(2.8 2.667695 3.2)
(3 2.667695 3.2)
(3.2 2.667695 3.2)
(3.4 2.667695 3.2)
(3.6 2.667695 3.2)
(3.8 2.667695 3.2)
(4 2.667695 3.2)
(4.2 2.667695 3.2)
(4.4 2.667695 3.2)
(4.6 2.667695 3.2)
(4.8 2.667695 3.2)
(5 2.667695 3.2)
(5.2 2.667695 3.2)
(5.4 2.667695 3.2)
(5.6 2.667695 3.2)
(5.8 2.667695 3.2)
(6 2.667695 3.2)
(6.2 2.667695 3.2)
(6.4 2.667695 3.2)
(6.6 2.667695 3.2)
(6.8 2.667695 3.2)
(7 2.667695 3.2)
(7.2 2.667695 3.2)
(7.4 2.667695 3.2)
(7.6 2.667695 3.2)
(7.8 2.667695 3.2)
(8 2.667695 3.2)
(8.2 2.667695 3.2)
(8.4 2.667695 3.2)
(8.6 2.667695 3.2)
(8.8 2.667695 3.2)
(9 2.667695 3.2)
(1 3.267695 3.2)
(1.2 3.267695 3.2)
(1.4 3.267695 3.2)
(1.6 3.267695 3.2)
(1.8 3.267695 3.2)
(2 3.267695 3.2)
(2.2 3.267695 3.2)
(2.4 3.267695 3.2)
(2.6 3.267695 3.2)
(2.8 3.267695 3.2)
(3 3.267695 3.2)
(3.2 3.267695 3.2)
(3.4 3.267695 3.2)
(3.6 3.267695 3.2)
(3.8 3.267695 3.2)
(4 3.267695 3.2)
(4.2 3.267695 3.2)
(4.4 3.267695 3.2)
(4.6 3.267695 3.2)
(4.8 3.267695 3.2)
(5 3.267695 3.2)
(5.2 3.267695 3.2)
(5.4 3.267695 3.2)
(5.6 3.267695 3.2)
(5.8 3.267695 3.2)
(6 3.267695 3.2)
(6.2 3.267695 3.2)
(6.4 3.267695 3.2)
(6.6 3.267695 3.2)
(6.8 3.267695 3.2)
(7 3.267695 3.2)
(7.2 3.267695 3.2)
(7.4 3.267695 3.2)
(7.6 3.267695 3.2)
(7.8 3.267695 3.2)
(8 3.267695 3.2)
(8.2 3.267695 3.2)
(8.4 3.267695 3.2)
(8.6 3.267695 3.2)
(8.8 3.267695 3.2)
(9 3.267695 3.2)
(1 2.667695 3.4)
(1.2 2.667695 3.4)
(1.4 2.667695 3.4)
(1.6 2.667695 3.4)
(1.8 2.667695 3.4)
(2 2.667695 3.4)
(2.2 2.667695 3.4)
(2.4 2.667695 3.4)
(2.6 2.667695 3.4)
(2.8 2.667695 3.4)
(3 2.667695 3.4)
(3.2 2.667695 3.4)
(3.4 2.667695 3.4)
(3.6 2.667695 3.4)
(3.8 2.667695 3.4)
(4 2.667695 3.4)
(4.2 2.667695 3.4)
(4.4 2.667695 3.4)
(4.6 2.667695 3.4)
(4.8 2.667695 3.4)
(5 2.667695 3.4)
(5.2 2.667695 3.4)
(5.4 2.667695 3.4)
(5.6 2.667695 3.4)
(5.8 2.667695 3.4)
(6 2.667695 3.4)
(6.2 2.667695 3.4)
(6.4 2.667695 3.4)
(6.6 2.667695 3.4)
(6.8 2.667695 3.4)
(7 2.667695 3.4)
(7.2 2.667695 3.4)
(7.4 2.667695 3.4)
(7.6 2.667695 3.4)
(7.8 2.667695 3.4)
(8 2.667695 3.4)
(8.2 2.667695 3.4)
(8.4 2.667695 3.4)
(8.6 2.667695 3.4)
(8.8 2.667695 3.4)
(9 2.667695 3.4)
(1 3.267695 3.4)
(1.2 3.267695 3.4)
(1.4 3.267695 3.4)
(1.6 3.267695 3.4)
(1.8 3.267695 3.4)
(2 3.267695 3.4)
(2.2 3.267695 3.4)
(2.4 3.267695 3.4)
(2.6 3.267695 3.4)
(2.8 3.267695 3.4)
(3 3.267695 3.4)
(3.2 3.267695 3.4)
(3.4 3.267695 3.4)
(3.6 3.267695 3.4)
(3.8 3.267695 3.4)
(4 3.267695 3.4)
(4.2 3.267695 3.4)
(4.4 3.267695 3.4)
(4.6 3.267695 3.4)
(4.8 3.267695 3.4)
(5 3.267695 3.4)
(5.2 3.267695 3.4)
(5.4 3.267695 3.4)
(5.6 3.267695 3.4)
(5.8 3.267695 3.4)
(6 3.267695 3.4)
(6.2 3.267695 3.4)
(6.4 3.267695 3.4)
(6.6 3.267695 3.4)
(6.8 3.267695 3.4)
(7 3.267695 3.4)
(7.2 3.267695 3.4)
(7.4 3.267695 3.4)
(7.6 3.267695 3.4)
(7.8 3.267695 3.4)
(8 3.267695 3.4)
(8.2 3.267695 3.4)
(8.4 3.267695 3.4)
(8.6 3.267695 3.4)
(8.8 3.267695 3.4)
(9 3.267695 3.4)
(1 2.667695 3.6)
(1.2 2.667695 3.6)
(1.4 2.667695 3.6)
(1.6 2.667695 3.6)
(1.8 2.667695 3.6)
(2 2.667695 3.6)
(2.2 2.667695 3.6)
(2.4 2.667695 3.6)
(2.6 2.667695 3.6)
(2.8 2.667695 3.6)
(3 2.667695 3.6)
(3.2 2.667695 3.6)
(3.4 2.667695 3.6)
(3.6 2.667695 3.6)
(3.8 2.667695 3.6)
(4 2.667695 3.6)
(4.2 2.667695 3.6)
(4.4 2.667695 3.6)
(4.6 2.667695 3.6)
(4.8 2.667695 3.6)
(5 2.667695 3.6)
(5.2 2.667695 3.6)
(5.4 2.667695 3.6)
(5.6 2.667695 3.6)
(5.8 2.667695 3.6)
(6 2.667695 3.6)
(6.2 2.667695 3.6)
(6.4 2.667695 3.6)
(6.6 2.667695 3.6)
(6.8 2.667695 3.6)
(7 2.667695 3.6)
(7.2 2.667695 3.6)
(7.4 2.667695 3.6)
(7.6 2.667695 3.6)
(7.8 2.667695 3.6)
(8 2.667695 3.6)
(8.2 2.667695 3.6)
(8.4 2.667695 3.6)
(8.6 2.667695 3.6)
(8.8 2.667695 3.6)
(9 2.667695 3.6)
(1 3.267695 3.6)
(1.2 3.267695 3.6)
(1.4 3.267695 3.6)
(1.6 3.267695 3.6)
(1.8 3.267695 3.6)
(2 3.267695 3.6)
(2.2 3.267695 3.6)
(2.4 3.267695 3.6)
(2.6 3.267695 3.6)
(2.8 3.267695 3.6)
(3 3.267695 3.6)
(3.2 3.267695 3.6)
(3.4 3.267695 3.6)
(3.6 3.267695 3.6)
(3.8 3.267695 3.6)
(4 3.267695 3.6)
(4.2 3.267695 3.6)
(4.4 3.267695 3.6)
(4.6 3.267695 3.6)
(4.8 3.267695 3.6)
(5 3.267695 3.6)
(5.2 3.267695 3.6)
(5.4 3.267695 3.6)
(5.6 3.267695 3.6)
(5.8 3.267695 3.6)
(6 3.267695 3.6)
(6.2 3.267695 3.6)
(6.4 3.267695 3.6)
(6.6 3.267695 3.6)
(6.8 3.267695 3.6)
(7 3.267695 3.6)
(7.2 3.267695 3.6)
(7.4 3.267695 3.6)
(7.6 3.267695 3.6)
(7.8 3.267695 3.6)
(8 3.267695 3.6)
(8.2 3.267695 3.6)
(8.4 3.267695 3.6)
(8.6 3.267695 3.6)
(8.8 3.267695 3.6)
(9 3.267695 3.6)
(1 2.667695 3.8)
(1.2 2.667695 3.8)
(1.4 2.667695 3.8)
(1.6 2.667695 3.8)
(1.8 2.667695 3.8)
(2 2.667695 3.8)
(2.2 2.667695 3.8)
(2.4 2.667695 3.8)
(2.6 2.667695 3.8)
(2.8 2.667695 3.8)
(3 2.667695 3.8)
(3.2 2.667695 3.8)
(3.4 2.667695 3.8)
(3.6 2.667695 3.8)
(3.8 2.667695 3.8)
(4 2.667695 3.8)
(4.2 2.667695 3.8)
(4.4 2.667695 3.8)
(4.6 2.667695 3.8)
(4.8 2.667695 3.8)
(5 2.667695 3.8)
(5.2 2.667695 3.8)
(5.4 2.667695 3.8)
(5.6 2.667695 3.8)
(5.8 2.667695 3.8)
(6 2.667695 3.8)
(6.2 2.667695 3.8)
(6.4 2.667695 3.8)
(6.6 2.667695 3.8)
(6.8 2.667695 3.8)
(7 2.667695 3.8)
(7.2 2.667695 3.8)
(7.4 2.667695 3.8)
(7.6 2.667695 3.8)
(7.8 2.667695 3.8)
(8 2.667695 3.8)
(8.2 2.667695 3.8)
(8.4 2.667695 3.8)
(8.6 2.667695 3.8)
(8.8 2.667695 3.8)
(9 2.667695 3.8)
(1 3.267695 3.8)
(1.2 3.267695 3.8)
(1.4 3.267695 3.8)
(1.6 3.267695 3.8)
(1.8 3.267695 3.8)
(2 3.267695 3.8)
(2.2 3.267695 3.8)
(2.4 3.267695 3.8)
(2.6 3.267695 3.8)
(2.8 3.267695 3.8)
(3 3.267695 3.8)
(3.2 3.267695 3.8)
(3.4 3.267695 3.8)
(3.6 3.267695 3.8)
(3.8 3.267695 3.8)
(4 3.267695 3.8)
(4.2 3.267695 3.8)
(4.4 3.267695 3.8)
(4.6 3.267695 3.8)
(4.8 3.267695 3.8)
(5 3.267695 3.8)
(5.2 3.267695 3.8)
(5.4 3.267695 3.8)
(5.6 3.267695 3.8)
(5.8 3.267695 3.8)
(6 3.267695 3.8)
(6.2 3.267695 3.8)
(6.4 3.267695 3.8)
(6.6 3.267695 3.8)
(6.8 3.267695 3.8)
(7 3.267695 3.8)
(7.2 3.267695 3.8)
(7.4 3.267695 3.8)
(7.6 3.267695 3.8)
(7.8 3.267695 3.8)
(8 3.267695 3.8)
(8.2 3.267695 3.8)
(8.4 3.267695 3.8)
(8.6 3.267695 3.8)
(8.8 3.267695 3.8)
(9 3.267695 3.8)
(1 2.667695 4)
(1.2 2.667695 4)
(1.4 2.667695 4)
(1.6 2.667695 4)
(1.8 2.667695 4)
(2 2.667695 4)
(2.2 2.667695 4)
(2.4 2.667695 4)
(2.6 2.667695 4)
(2.8 2.667695 4)
(3 2.667695 4)
(3.2 2.667695 4)
(3.4 2.667695 4)
(3.6 2.667695 4)
(3.8 2.667695 4)
(4 2.667695 4)
(4.2 2.667695 4)
(4.4 2.667695 4)
(4.6 2.667695 4)
(4.8 2.667695 4)
(5 2.667695 4)
(5.2 2.667695 4)
(5.4 2.667695 4)
(5.6 2.667695 4)
(5.8 2.667695 4)
(6 2.667695 4)
(6.2 2.667695 4)
(6.4 2.667695 4)
(6.6 2.667695 4)
(6.8 2.667695 4)
(7 2.667695 4)
(7.2 2.667695 4)
(7.4 2.667695 4)
(7.6 2.667695 4)
(7.8 2.667695 4)
(8 2.667695 4)
(8.2 2.667695 4)
(8.4 2.667695 4)
(8.6 2.667695 4)
(8.8 2.667695 4)
(9 2.667695 4)
(1 3.267695 4)
(1.2 3.267695 4)
(1.4 3.267695 4)
(1.6 3.267695 4)
(1.8 3.267695 4)
(2 3.267695 4)
(2.2 3.267695 4)
(2.4 3.267695 4)
(2.6 3.267695 4)
(2.8 3.267695 4)
(3 3.267695 4)
(3.2 3.267695 4)
(3.4 3.267695 4)
(3.6 3.267695 4)
(3.8 3.267695 4)
(4 3.267695 4)
(4.2 3.267695 4)
(4.4 3.267695 4)
(4.6 3.267695 4)
(4.8 3.267695 4)
(5 3.267695 4)
(5.2 3.267695 4)
(5.4 3.267695 4)
(5.6 3.267695 4)
(5.8 3.267695 4)
(6 3.267695 4)
(6.2 3.267695 4)
(6.4 3.267695 4)
(6.6 3.267695 4)
(6.8 3.267695 4)
(7 3.267695 4)
(7.2 3.267695 4)
(7.4 3.267695 4)
(7.6 3.267695 4)
(7.8 3.267695 4)
(8 3.267695 4)
(8.2 3.267695 4)
(8.4 3.267695 4)
(8.6 3.267695 4)
(8.8 3.267695 4)
(9 3.267695 4)
(1 2.667695 4.2)
(1.2 2.667695 4.2)
(1.4 2.667695 4.2)
(1.6 2.667695 4.2)
(1.8 2.667695 4.2)
(2 2.667695 4.2)
(2.2 2.667695 4.2)
(2.4 2.667695 4.2)
(2.6 2.667695 4.2)
(2.8 2.667695 4.2)
(3 2.667695 4.2)
(3.2 2.667695 4.2)
(3.4 2.667695 4.2)
(3.6 2.667695 4.2)
(3.8 2.667695 4.2)
(4 2.667695 4.2)
(4.2 2.667695 4.2)
(4.4 2.667695 4.2)
(4.6 2.667695 4.2)
(4.8 2.667695 4.2)
(5 2.667695 4.2)
(5.2 2.667695 4.2)
(5.4 2.667695 4.2)
(5.6 2.667695 4.2)
(5.8 2.667695 4.2)
(6 2.667695 4.2)
(6.2 2.667695 4.2)
(6.4 2.667695 4.2)
(6.6 2.667695 4.2)
(6.8 2.667695 4.2)
(7 2.667695 4.2)
(7.2 2.667695 4.2)
(7.4 2.667695 4.2)
(7.6 2.667695 4.2)
(7.8 2.667695 4.2)
(8 2.667695 4.2)
(8.2 2.667695 4.2)
(8.4 2.667695 4.2)
(8.6 2.667695 4.2)
(8.8 2.667695 4.2)
(9 2.667695 4.2)
(1 3.267695 4.2)
(1.2 3.267695 4.2)
(1.4 3.267695 4.2)
(1.6 3.267695 4.2)
(1.8 3.267695 4.2)
(2 3.267695 4.2)
(2.2 3.267695 4.2)
(2.4 3.267695 4.2)
(2.6 3.267695 4.2)
(2.8 3.267695 4.2)
(3 3.267695 4.2)
(3.2 3.267695 4.2)
(3.4 3.267695 4.2)
(3.6 3.267695 4.2)
(3.8 3.267695 4.2)
(4 3.267695 4.2)
(4.2 3.267695 4.2)
(4.4 3.267695 4.2)
(4.6 3.267695 4.2)
(4.8 3.267695 4.2)
(5 3.267695 4.2)
(5.2 3.267695 4.2)
(5.4 3.267695 4.2)
(5.6 3.267695 4.2)
(5.8 3.267695 4.2)
(6 3.267695 4.2)
(6.2 3.267695 4.2)
(6.4 3.267695 4.2)
(6.6 3.267695 4.2)
(6.8 3.267695 4.2)
(7 3.267695 4.2)
(7.2 3.267695 4.2)
(7.4 3.267695 4.2)
(7.6 3.267695 4.2)
(7.8 3.267695 4.2)
(8 3.267695 4.2)
(8.2 3.267695 4.2)
(8.4 3.267695 4.2)
(8.6 3.267695 4.2)
(8.8 3.267695 4.2)
(9 3.267695 4.2)
(1 2.667695 4.4)
(1.2 2.667695 4.4)
(1.4 2.667695 4.4)
(1.6 2.667695 4.4)
(1.8 2.667695 4.4)
(2 2.667695 4.4)
(2.2 2.667695 4.4)
(2.4 2.667695 4.4)
(2.6 2.667695 4.4)
(2.8 2.667695 4.4)
(3 2.667695 4.4)
(3.2 2.667695 4.4)
(3.4 2.667695 4.4)
(3.6 2.667695 4.4)
(3.8 2.667695 4.4)
(4 2.667695 4.4)
(4.2 2.667695 4.4)
(4.4 2.667695 4.4)
(4.6 2.667695 4.4)
(4.8 2.667695 4.4)
(5 2.667695 4.4)
(5.2 2.667695 4.4)
(5.4 2.667695 4.4)
(5.6 2.667695 4.4)
(5.8 2.667695 4.4)
(6 2.667695 4.4)
(6.2 2.667695 4.4)
(6.4 2.667695 4.4)
(6.6 2.667695 4.4)
(6.8 2.667695 4.4)
(7 2.667695 4.4)
(7.2 2.667695 4.4)
(7.4 2.667695 4.4)
(7.6 2.667695 4.4)
(7.8 2.667695 4.4)
(8 2.667695 4.4)
(8.2 2.667695 4.4)
(8.4 2.667695 4.4)
(8.6 2.667695 4.4)
(8.8 2.667695 4.4)
(9 2.667695 4.4)
(1 3.267695 4.4)
(1.2 3.267695 4.4)
(1.4 3.267695 4.4)
(1.6 3.267695 4.4)
(1.8 3.267695 4.4)
(2 3.267695 4.4)
(2.2 3.267695 4.4)
(2.4 3.267695 4.4)
(2.6 3.267695 4.4)
(2.8 3.267695 4.4)
(3 3.267695 4.4)
(3.2 3.267695 4.4)
(3.4 3.267695 4.4)
(3.6 3.267695 4.4)
(3.8 3.267695 4.4)
(4 3.267695 4.4)
(4.2 3.267695 4.4)
(4.4 3.267695 4.4)
(4.6 3.267695 4.4)
(4.8 3.267695 4.4)
(5 3.267695 4.4)
(5.2 3.267695 4.4)
(5.4 3.267695 4.4)
(5.6 3.267695 4.4)
(5.8 3.267695 4.4)
(6 3.267695 4.4)
(6.2 3.267695 4.4)
(6.4 3.267695 4.4)
(6.6 3.267695 4.4)
(6.8 3.267695 4.4)
(7 3.267695 4.4)
(7.2 3.267695 4.4)
(7.4 3.267695 4.4)
(7.6 3.267695 4.4)
(7.8 3.267695 4.4)
(8 3.267695 4.4)
(8.2 3.267695 4.4)
(8.4 3.267695 4.4)
(8.6 3.267695 4.4)
(8.8 3.267695 4.4)
(9 3.267695 4.4)
(1 2.667695 4.6)
(1.2 2.667695 4.6)
(1.4 2.667695 4.6)
(1.6 2.667695 4.6)
(1.8 2.667695 4.6)
(2 2.667695 4.6)
(2.2 2.667695 4.6)
(2.4 2.667695 4.6)
(2.6 2.667695 4.6)
(2.8 2.667695 4.6)
(3 2.667695 4.6)
(3.2 2.667695 4.6)
(3.4 2.667695 4.6)
(3.6 2.667695 4.6)
(3.8 2.667695 4.6)
(4 2.667695 4.6)
(4.2 2.667695 4.6)
(4.4 2.667695 4.6)
(4.6 2.667695 4.6)
(4.8 2.667695 4.6)
(5 2.667695 4.6)
(5.2 2.667695 4.6)
(5.4 2.667695 4.6)
(5.6 2.667695 4.6)
(5.8 2.667695 4.6)
(6 2.667695 4.6)
(6.2 2.667695 4.6)
(6.4 2.667695 4.6)
(6.6 2.667695 4.6)
(6.8 2.667695 4.6)
(7 2.667695 4.6)
(7.2 2.667695 4.6)
(7.4 2.667695 4.6)
(7.6 2.667695 4.6)
(7.8 2.667695 4.6)
(8 2.667695 4.6)
(8.2 2.667695 4.6)
(8.4 2.667695 4.6)
(8.6 2.667695 4.6)
(8.8 2.667695 4.6)
(9 2.667695 4.6)
(1 3.267695 4.6)
(1.2 3.267695 4.6)
(1.4 3.267695 4.6)
(1.6 3.267695 4.6)
(1.8 3.267695 4.6)
(2 3.267695 4.6)
(2.2 3.267695 4.6)
(2.4 3.267695 4.6)
(2.6 3.267695 4.6)
(2.8 3.267695 4.6)
(3 3.267695 4.6)
(3.2 3.267695 4.6)
(3.4 3.267695 4.6)
(3.6 3.267695 4.6)
(3.8 3.267695 4.6)
(4 3.267695 4.6)
(4.2 3.267695 4.6)
(4.4 3.267695 4.6)
(4.6 3.267695 4.6)
(4.8 3.267695 4.6)
(5 3.267695 4.6)
(5.2 3.267695 4.6)
(5.4 3.267695 4.6)
(5.6 3.267695 4.6)
(5.8 3.267695 4.6)
(6 3.267695 4.6)
(6.2 3.267695 4.6)
(6.4 3.267695 4.6)
(6.6 3.267695 4.6)
(6.8 3.267695 4.6)
(7 3.267695 4.6)
(7.2 3.267695 4.6)
(7.4 3.267695 4.6)
(7.6 3.267695 4.6)
(7.8 3.267695 4.6)
(8 3.267695 4.6)
(8.2 3.267695 4.6)
(8.4 3.267695 4.6)
(8.6 3.267695 4.6)
(8.8 3.267695 4.6)
(9 3.267695 4.6)
(1 2.667695 4.8)
(1.2 2.667695 4.8)
(1.4 2.667695 4.8)
(1.6 2.667695 4.8)
(1.8 2.667695 4.8)
(2 2.667695 4.8)
(2.2 2.667695 4.8)
(2.4 2.667695 4.8)
(2.6 2.667695 4.8)
(2.8 2.667695 4.8)
(3 2.667695 4.8)
(3.2 2.667695 4.8)
(3.4 2.667695 4.8)
(3.6 2.667695 4.8)
(3.8 2.667695 4.8)
(4 2.667695 4.8)
(4.2 2.667695 4.8)
(4.4 2.667695 4.8)
(4.6 2.667695 4.8)
(4.8 2.667695 4.8)
(5 2.667695 4.8)
(5.2 2.667695 4.8)
(5.4 2.667695 4.8)
(5.6 2.667695 4.8)
(5.8 2.667695 4.8)
(6 2.667695 4.8)
(6.2 2.667695 4.8)
(6.4 2.667695 4.8)
(6.6 2.667695 4.8)
(6.8 2.667695 4.8)
(7 2.667695 4.8)
(7.2 2.667695 4.8)
(7.4 2.667695 4.8)
(7.6 2.667695 4.8)
(7.8 2.667695 4.8)
(8 2.667695 4.8)
(8.2 2.667695 4.8)
(8.4 2.667695 4.8)
(8.6 2.667695 4.8)
(8.8 2.667695 4.8)
(9 2.667695 4.8)
(1 3.267695 4.8)
(1.2 3.267695 4.8)
(1.4 3.267695 4.8)
(1.6 3.267695 4.8)
(1.8 3.267695 4.8)
(2 3.267695 4.8)
(2.2 3.267695 4.8)
(2.4 3.267695 4.8)
(2.6 3.267695 4.8)
(2.8 3.267695 4.8)
(3 3.267695 4.8)
(3.2 3.267695 4.8)
(3.4 3.267695 4.8)
(3.6 3.267695 4.8)
(3.8 3.267695 4.8)
(4 3.267695 4.8)
(4.2 3.267695 4.8)
(4.4 3.267695 4.8)
(4.6 3.267695 4.8)
(4.8 3.267695 4.8)
(5 3.267695 4.8)
(5.2 3.267695 4.8)
(5.4 3.267695 4.8)
(5.6 3.267695 4.8)
(5.8 3.267695 4.8)
(6 3.267695 4.8)
(6.2 3.267695 4.8)
(6.4 3.267695 4.8)
(6.6 3.267695 4.8)
(6.8 3.267695 4.8)
(7 3.267695 4.8)
(7.2 3.267695 4.8)
(7.4 3.267695 4.8)
(7.6 3.267695 4.8)
(7.8 3.267695 4.8)
(8 3.267695 4.8)
(8.2 3.267695 4.8)
(8.4 3.267695 4.8)
(8.6 3.267695 4.8)
(8.8 3.267695 4.8)
(9 3.267695 4.8)
(1 2.667695 5)
(1.2 2.667695 5)
(1.4 2.667695 5)
(1.6 2.667695 5)
(1.8 2.667695 5)
(2 2.667695 5)
(2.2 2.667695 5)
(2.4 2.667695 5)
(2.6 2.667695 5)
(2.8 2.667695 5)
(3 2.667695 5)
(3.2 2.667695 5)
(3.4 2.667695 5)
(3.6 2.667695 5)
(3.8 2.667695 5)
(4 2.667695 5)
(4.2 2.667695 5)
(4.4 2.667695 5)
(4.6 2.667695 5)
(4.8 2.667695 5)
(5 2.667695 5)
(5.2 2.667695 5)
(5.4 2.667695 5)
(5.6 2.667695 5)
(5.8 2.667695 5)
(6 2.667695 5)
(6.2 2.667695 5)
(6.4 2.667695 5)
(6.6 2.667695 5)
(6.8 2.667695 5)
(7 2.667695 5)
(7.2 2.667695 5)
(7.4 2.667695 5)
(7.6 2.667695 5)
(7.8 2.667695 5)
(8 2.667695 5)
(8.2 2.667695 5)
(8.4 2.667695 5)
(8.6 2.667695 5)
(8.8 2.667695 5)
(9 2.667695 5)
(1 3.267695 5)
(1.2 3.267695 5)
(1.4 3.267695 5)
(1.6 3.267695 5)
(1.8 3.267695 5)
(2 3.267695 5)
(2.2 3.267695 5)
(2.4 3.267695 5)
(2.6 3.267695 5)
(2.8 3.267695 5)
(3 3.267695 5)
(3.2 3.267695 5)
(3.4 3.267695 5)
(3.6 3.267695 5)
(3.8 3.267695 5)
(4 3.267695 5)
(4.2 3.267695 5)
(4.4 3.267695 5)
(4.6 3.267695 5)
(4.8 3.267695 5)
(5 3.267695 5)
(5.2 3.267695 5)
(5.4 3.267695 5)
(5.6 3.267695 5)
(5.8 3.267695 5)
(6 3.267695 5)
(6.2 3.267695 5)
(6.4 3.267695 5)
(6.6 3.267695 5)
(6.8 3.267695 5)
(7 3.267695 5)
(7.2 3.267695 5)
(7.4 3.267695 5)
(7.6 3.267695 5)
(7.8 3.267695 5)
(8 3.267695 5)
(8.2 3.267695 5)
(8.4 3.267695 5)
(8.6 3.267695 5)
(8.8 3.267695 5)
(9 3.267695 5)
(1 2.667695 5.2)
(1.2 2.667695 5.2)
(1.4 2.667695 5.2)
(1.6 2.667695 5.2)
(1.8 2.667695 5.2)
(2 2.667695 5.2)
(2.2 2.667695 5.2)
(2.4 2.667695 5.2)
(2.6 2.667695 5.2)
(2.8 2.667695 5.2)
(3 2.667695 5.2)
(3.2 2.667695 5.2)
(3.4 2.667695 5.2)
(3.6 2.667695 5.2)
(3.8 2.667695 5.2)
(4 2.667695 5.2)
(4.2 2.667695 5.2)
(4.4 2.667695 5.2)
(4.6 2.667695 5.2)
(4.8 2.667695 5.2)
(5 2.667695 5.2)
(5.2 2.667695 5.2)
(5.4 2.667695 5.2)
(5.6 2.667695 5.2)
(5.8 2.667695 5.2)
(6 2.667695 5.2)
(6.2 2.667695 5.2)
(6.4 2.667695 5.2)
(6.6 2.667695 5.2)
(6.8 2.667695 5.2)
(7 2.667695 5.2)
(7.2 2.667695 5.2)
(7.4 2.667695 5.2)
(7.6 2.667695 5.2)
(7.8 2.667695 5.2)
(8 2.667695 5.2)
(8.2 2.667695 5.2)
(8.4 2.667695 5.2)
(8.6 2.667695 5.2)
(8.8 2.667695 5.2)
(9 2.667695 5.2)
(1 3.267695 5.2)
(1.2 3.267695 5.2)
(1.4 3.267695 5.2)
(1.6 3.267695 5.2)
(1.8 3.267695 5.2)
(2 3.267695 5.2)
(2.2 3.267695 5.2)
(2.4 3.267695 5.2)
(2.6 3.267695 5.2)
(2.8 3.267695 5.2)
(3 3.267695 5.2)
(3.2 3.267695 5.2)
(3.4 3.267695 5.2)
(3.6 3.267695 5.2)
(3.8 3.267695 5.2)
(4 3.267695 5.2)
(4.2 3.267695 5.2)
(4.4 3.267695 5.2)
(4.6 3.267695 5.2)
(4.8 3.267695 5.2)
(5 3.267695 5.2)
(5.2 3.267695 5.2)
(5.4 3.267695 5.2)
(5.6 3.267695 5.2)
(5.8 3.267695 5.2)
(6 3.267695 5.2)
(6.2 3.267695 5.2)
(6.4 3.267695 5.2)
(6.6 3.267695 5.2)
(6.8 3.267695 5.2)
(7 3.267695 5.2)
(7.2 3.267695 5.2)
(7.4 3.267695 5.2)
(7.6 3.267695 5.2)
(7.8 3.267695 5.2)
(8 3.267695 5.2)
(8.2 3.267695 5.2)
(8.4 3.267695 5.2)
(8.6 3.267695 5.2)
(8.8 3.267695 5.2)
(9 3.267695 5.2)
(1 2.667695 5.4)
(1.2 2.667695 5.4)
(1.4 2.667695 5.4)
(1.6 2.667695 5.4)
(1.8 2.667695 5.4)
(2 2.667695 5.4)
(2.2 2.667695 5.4)
(2.4 2.667695 5.4)
(2.6 2.667695 5.4)
(2.8 2.667695 5.4)
(3 2.667695 5.4)
(3.2 2.667695 5.4)
(3.4 2.667695 5.4)
(3.6 2.667695 5.4)
(3.8 2.667695 5.4)
(4 2.667695 5.4)
(4.2 2.667695 5.4)
(4.4 2.667695 5.4)
(4.6 2.667695 5.4)
(4.8 2.667695 5.4)
(5 2.667695 5.4)
(5.2 2.667695 5.4)
(5.4 2.667695 5.4)
(5.6 2.667695 5.4)
(5.8 2.667695 5.4)
(6 2.667695 5.4)
(6.2 2.667695 5.4)
(6.4 2.667695 5.4)
(6.6 2.667695 5.4)
(6.8 2.667695 5.4)
(7 2.667695 5.4)
(7.2 2.667695 5.4)
(7.4 2.667695 5.4)
(7.6 2.667695 5.4)
(7.8 2.667695 5.4)
(8 2.667695 5.4)
(8.2 2.667695 5.4)
(8.4 2.667695 5.4)
(8.6 2.667695 5.4)
(8.8 2.667695 5.4)
(9 2.667695 5.4)
(1 3.267695 5.4)
(1.2 3.267695 5.4)
(1.4 3.267695 5.4)
(1.6 3.267695 5.4)
(1.8 3.267695 5.4)
(2 3.267695 5.4)
(2.2 3.267695 5.4)
(2.4 3.267695 5.4)
(2.6 3.267695 5.4)
(2.8 3.267695 5.4)
(3 3.267695 5.4)
(3.2 3.267695 5.4)
(3.4 3.267695 5.4)
(3.6 3.267695 5.4)
(3.8 3.267695 5.4)
(4 3.267695 5.4)
(4.2 3.267695 5.4)
(4.4 3.267695 5.4)
(4.6 3.267695 5.4)
(4.8 3.267695 5.4)
(5 3.267695 5.4)
(5.2 3.267695 5.4)
(5.4 3.267695 5.4)
(5.6 3.267695 5.4)
(5.8 3.267695 5.4)
(6 3.267695 5.4)
(6.2 3.267695 5.4)
(6.4 3.267695 5.4)
(6.6 3.267695 5.4)
(6.8 3.267695 5.4)
(7 3.267695 5.4)
(7.2 3.267695 5.4)
(7.4 3.267695 5.4)
(7.6 3.267695 5.4)
(7.8 3.267695 5.4)
(8 3.267695 5.4)
(8.2 3.267695 5.4)
(8.4 3.267695 5.4)
(8.6 3.267695 5.4)
(8.8 3.267695 5.4)
(9 3.267695 5.4)
(1 2.667695 5.6)
(1.2 2.667695 5.6)
(1.4 2.667695 5.6)
(1.6 2.667695 5.6)
(1.8 2.667695 5.6)
(2 2.667695 5.6)
(2.2 2.667695 5.6)
(2.4 2.667695 5.6)
(2.6 2.667695 5.6)
(2.8 2.667695 5.6)
(3 2.667695 5.6)
(3.2 2.667695 5.6)
(3.4 2.667695 5.6)
(3.6 2.667695 5.6)
(3.8 2.667695 5.6)
(4 2.667695 5.6)
(4.2 2.667695 5.6)
(4.4 2.667695 5.6)
(4.6 2.667695 5.6)
(4.8 2.667695 5.6)
(5 2.667695 5.6)
(5.2 2.667695 5.6)
(5.4 2.667695 5.6)
(5.6 2.667695 5.6)
(5.8 2.667695 5.6)
(6 2.667695 5.6)
(6.2 2.667695 5.6)
(6.4 2.667695 5.6)
(6.6 2.667695 5.6)
(6.8 2.667695 5.6)
(7 2.667695 5.6)
(7.2 2.667695 5.6)
(7.4 2.667695 5.6)
(7.6 2.667695 5.6)
(7.8 2.667695 5.6)
(8 2.667695 5.6)
(8.2 2.667695 5.6)
(8.4 2.667695 5.6)
(8.6 2.667695 5.6)
(8.8 2.667695 5.6)
(9 2.667695 5.6)
(1 3.267695 5.6)
(1.2 3.267695 5.6)
(1.4 3.267695 5.6)
(1.6 3.267695 5.6)
(1.8 3.267695 5.6)
(2 3.267695 5.6)
(2.2 3.267695 5.6)
(2.4 3.267695 5.6)
(2.6 3.267695 5.6)
(2.8 3.267695 5.6)
(3 3.267695 5.6)
(3.2 3.267695 5.6)
(3.4 3.267695 5.6)
(3.6 3.267695 5.6)
(3.8 3.267695 5.6)
(4 3.267695 5.6)
(4.2 3.267695 5.6)
(4.4 3.267695 5.6)
(4.6 3.267695 5.6)
(4.8 3.267695 5.6)
(5 3.267695 5.6)
(5.2 3.267695 5.6)
(5.4 3.267695 5.6)
(5.6 3.267695 5.6)
(5.8 3.267695 5.6)
(6 3.267695 5.6)
(6.2 3.267695 5.6)
(6.4 3.267695 5.6)
(6.6 3.267695 5.6)
(6.8 3.267695 5.6)
(7 3.267695 5.6)
(7.2 3.267695 5.6)
(7.4 3.267695 5.6)
(7.6 3.267695 5.6)
(7.8 3.267695 5.6)
(8 3.267695 5.6)
(8.2 3.267695 5.6)
(8.4 3.267695 5.6)
(8.6 3.267695 5.6)
(8.8 3.267695 5.6)
(9 3.267695 5.6)
(1 2.667695 5.8)
(1.2 2.667695 5.8)
(1.4 2.667695 5.8)
(1.6 2.667695 5.8)
(1.8 2.667695 5.8)
(2 2.667695 5.8)
(2.2 2.667695 5.8)
(2.4 2.667695 5.8)
(2.6 2.667695 5.8)
(2.8 2.667695 5.8)
(3 2.667695 5.8)
(3.2 2.667695 5.8)
(3.4 2.667695 5.8)
(3.6 2.667695 5.8)
(3.8 2.667695 5.8)
(4 2.667695 5.8)
(4.2 2.667695 5.8)
(4.4 2.667695 5.8)
(4.6 2.667695 5.8)
(4.8 2.667695 5.8)
(5 2.667695 5.8)
(5.2 2.667695 5.8)
(5.4 2.667695 5.8)
(5.6 2.667695 5.8)
(5.8 2.667695 5.8)
(6 2.667695 5.8)
(6.2 2.667695 5.8)
(6.4 2.667695 5.8)
(6.6 2.667695 5.8)
(6.8 2.667695 5.8)
(7 2.667695 5.8)
(7.2 2.667695 5.8)
(7.4 2.667695 5.8)
(7.6 2.667695 5.8)
(7.8 2.667695 5.8)
(8 2.667695 5.8)
(8.2 2.667695 5.8)
(8.4 2.667695 5.8)
(8.6 2.667695 5.8)
(8.8 2.667695 5.8)
(9 2.667695 5.8)
(1 3.267695 5.8)
(1.2 3.267695 5.8)
(1.4 3.267695 5.8)
(1.6 3.267695 5.8)
(1.8 3.267695 5.8)
(2 3.267695 5.8)
(2.2 3.267695 5.8)
(2.4 3.267695 5.8)
(2.6 3.267695 5.8)
(2.8 3.267695 5.8)
(3 3.267695 5.8)
(3.2 3.267695 5.8)
(3.4 3.267695 5.8)
(3.6 3.267695 5.8)
(3.8 3.267695 5.8)
(4 3.267695 5.8)
(4.2 3.267695 5.8)
(4.4 3.267695 5.8)
(4.6 3.267695 5.8)
(4.8 3.267695 5.8)
(5 3.267695 5.8)
(5.2 3.267695 5.8)
(5.4 3.267695 5.8)
(5.6 3.267695 5.8)
(5.8 3.267695 5.8)
(6 3.267695 5.8)
(6.2 3.267695 5.8)
(6.4 3.267695 5.8)
(6.6 3.267695 5.8)
(6.8 3.267695 5.8)
(7 3.267695 5.8)
(7.2 3.267695 5.8)
(7.4 3.267695 5.8)
(7.6 3.267695 5.8)
(7.8 3.267695 5.8)
(8 3.267695 5.8)
(8.2 3.267695 5.8)
(8.4 3.267695 5.8)
(8.6 3.267695 5.8)
(8.8 3.267695 5.8)
(9 3.267695 5.8)
(1 2.667695 6)
(1.2 2.667695 6)
(1.4 2.667695 6)
(1.6 2.667695 6)
(1.8 2.667695 6)
(2 2.667695 6)
(2.2 2.667695 6)
(2.4 2.667695 6)
(2.6 2.667695 6)
(2.8 2.667695 6)
(3 2.667695 6)
(3.2 2.667695 6)
(3.4 2.667695 6)
(3.6 2.667695 6)
(3.8 2.667695 6)
(4 2.667695 6)
(4.2 2.667695 6)
(4.4 2.667695 6)
(4.6 2.667695 6)
(4.8 2.667695 6)
(5 2.667695 6)
(5.2 2.667695 6)
(5.4 2.667695 6)
(5.6 2.667695 6)
(5.8 2.667695 6)
(6 2.667695 6)
(6.2 2.667695 6)
(6.4 2.667695 6)
(6.6 2.667695 6)
(6.8 2.667695 6)
(7 2.667695 6)
(7.2 2.667695 6)
(7.4 2.667695 6)
(7.6 2.667695 6)
(7.8 2.667695 6)
(8 2.667695 6)
(8.2 2.667695 6)
(8.4 2.667695 6)
(8.6 2.667695 6)
(8.8 2.667695 6)
(9 2.667695 6)
(1 3.267695 6)
(1.2 3.267695 6)
(1.4 3.267695 6)
(1.6 3.267695 6)
(1.8 3.267695 6)
(2 3.267695 6)
(2.2 3.267695 6)
(2.4 3.267695 6)
(2.6 3.267695 6)
(2.8 3.267695 6)
(3 3.267695 6)
(3.2 3.267695 6)
(3.4 3.267695 6)
(3.6 3.267695 6)
(3.8 3.267695 6)
(4 3.267695 6)
(4.2 3.267695 6)
(4.4 3.267695 6)
(4.6 3.267695 6)
(4.8 3.267695 6)
(5 3.267695 6)
(5.2 3.267695 6)
(5.4 3.267695 6)
(5.6 3.267695 6)
(5.8 3.267695 6)
(6 3.267695 6)
(6.2 3.267695 6)
(6.4 3.267695 6)
(6.6 3.267695 6)
(6.8 3.267695 6)
(7 3.267695 6)
(7.2 3.267695 6)
(7.4 3.267695 6)
(7.6 3.267695 6)
(7.8 3.267695 6)
(8 3.267695 6)
(8.2 3.267695 6)
(8.4 3.267695 6)
(8.6 3.267695 6)
(8.8 3.267695 6)
(9 3.267695 6)
)


// ************************************************************************* //
