/*--------------------------------*- C++ -*----------------------------------*\
| =========                 |                                                 |
| \\      /  F ield         | OpenFOAM: The Open Source CFD Toolbox           |
|  \\    /   O peration     | Version:  2.3.x                                 |
|   \\  /    A nd           | Web:      www.OpenFOAM.org                      |
|    \\/     M anipulation  |                                                 |
\*---------------------------------------------------------------------------*/
/*  Windows port by CFD support (www.cfdsupport.com) [based on Symscape]     *\
\*---------------------------------------------------------------------------*/
FoamFile
{
    version     2.0;
    format      ascii;
    class       faceList;
    location    "constant/polyMesh";
    object      faces;
}
// * * * * * * * * * * * * * * * * * * * * * * * * * * * * * * * * * * * * * //


3300
(
4(1 12 133 122)
4(11 132 133 12)
4(121 122 133 132)
4(2 13 134 123)
4(12 133 134 13)
4(122 123 134 133)
4(3 14 135 124)
4(13 134 135 14)
4(123 124 135 134)
4(4 15 136 125)
4(14 135 136 15)
4(124 125 136 135)
4(5 16 137 126)
4(15 136 137 16)
4(125 126 137 136)
4(6 17 138 127)
4(16 137 138 17)
4(126 127 138 137)
4(7 18 139 128)
4(17 138 139 18)
4(127 128 139 138)
4(8 19 140 129)
4(18 139 140 19)
4(128 129 140 139)
4(9 20 141 130)
4(19 140 141 20)
4(129 130 141 140)
4(20 141 142 21)
4(130 131 142 141)
4(12 23 144 133)
4(22 143 144 23)
4(132 133 144 143)
4(13 24 145 134)
4(23 144 145 24)
4(133 134 145 144)
4(14 25 146 135)
4(24 145 146 25)
4(134 135 146 145)
4(15 26 147 136)
4(25 146 147 26)
4(135 136 147 146)
4(16 27 148 137)
4(26 147 148 27)
4(136 137 148 147)
4(17 28 149 138)
4(27 148 149 28)
4(137 138 149 148)
4(18 29 150 139)
4(28 149 150 29)
4(138 139 150 149)
4(19 30 151 140)
4(29 150 151 30)
4(139 140 151 150)
4(20 31 152 141)
4(30 151 152 31)
4(140 141 152 151)
4(31 152 153 32)
4(141 142 153 152)
4(23 34 155 144)
4(33 154 155 34)
4(143 144 155 154)
4(24 35 156 145)
4(34 155 156 35)
4(144 145 156 155)
4(25 36 157 146)
4(35 156 157 36)
4(145 146 157 156)
4(26 37 158 147)
4(36 157 158 37)
4(146 147 158 157)
4(27 38 159 148)
4(37 158 159 38)
4(147 148 159 158)
4(28 39 160 149)
4(38 159 160 39)
4(148 149 160 159)
4(29 40 161 150)
4(39 160 161 40)
4(149 150 161 160)
4(30 41 162 151)
4(40 161 162 41)
4(150 151 162 161)
4(31 42 163 152)
4(41 162 163 42)
4(151 152 163 162)
4(42 163 164 43)
4(152 153 164 163)
4(34 45 166 155)
4(44 165 166 45)
4(154 155 166 165)
4(35 46 167 156)
4(45 166 167 46)
4(155 156 167 166)
4(36 47 168 157)
4(46 167 168 47)
4(156 157 168 167)
4(37 48 169 158)
4(47 168 169 48)
4(157 158 169 168)
4(38 49 170 159)
4(48 169 170 49)
4(158 159 170 169)
4(39 50 171 160)
4(49 170 171 50)
4(159 160 171 170)
4(40 51 172 161)
4(50 171 172 51)
4(160 161 172 171)
4(41 52 173 162)
4(51 172 173 52)
4(161 162 173 172)
4(42 53 174 163)
4(52 173 174 53)
4(162 163 174 173)
4(53 174 175 54)
4(163 164 175 174)
4(45 56 177 166)
4(55 176 177 56)
4(165 166 177 176)
4(46 57 178 167)
4(56 177 178 57)
4(166 167 178 177)
4(47 58 179 168)
4(57 178 179 58)
4(167 168 179 178)
4(48 59 180 169)
4(58 179 180 59)
4(168 169 180 179)
4(49 60 181 170)
4(59 180 181 60)
4(169 170 181 180)
4(50 61 182 171)
4(60 181 182 61)
4(170 171 182 181)
4(51 62 183 172)
4(61 182 183 62)
4(171 172 183 182)
4(52 63 184 173)
4(62 183 184 63)
4(172 173 184 183)
4(53 64 185 174)
4(63 184 185 64)
4(173 174 185 184)
4(64 185 186 65)
4(174 175 186 185)
4(56 67 188 177)
4(66 187 188 67)
4(176 177 188 187)
4(57 68 189 178)
4(67 188 189 68)
4(177 178 189 188)
4(58 69 190 179)
4(68 189 190 69)
4(178 179 190 189)
4(59 70 191 180)
4(69 190 191 70)
4(179 180 191 190)
4(60 71 192 181)
4(70 191 192 71)
4(180 181 192 191)
4(61 72 193 182)
4(71 192 193 72)
4(181 182 193 192)
4(62 73 194 183)
4(72 193 194 73)
4(182 183 194 193)
4(63 74 195 184)
4(73 194 195 74)
4(183 184 195 194)
4(64 75 196 185)
4(74 195 196 75)
4(184 185 196 195)
4(75 196 197 76)
4(185 186 197 196)
4(67 78 199 188)
4(77 198 199 78)
4(187 188 199 198)
4(68 79 200 189)
4(78 199 200 79)
4(188 189 200 199)
4(69 80 201 190)
4(79 200 201 80)
4(189 190 201 200)
4(70 81 202 191)
4(80 201 202 81)
4(190 191 202 201)
4(71 82 203 192)
4(81 202 203 82)
4(191 192 203 202)
4(72 83 204 193)
4(82 203 204 83)
4(192 193 204 203)
4(73 84 205 194)
4(83 204 205 84)
4(193 194 205 204)
4(74 85 206 195)
4(84 205 206 85)
4(194 195 206 205)
4(75 86 207 196)
4(85 206 207 86)
4(195 196 207 206)
4(86 207 208 87)
4(196 197 208 207)
4(78 89 210 199)
4(88 209 210 89)
4(198 199 210 209)
4(79 90 211 200)
4(89 210 211 90)
4(199 200 211 210)
4(80 91 212 201)
4(90 211 212 91)
4(200 201 212 211)
4(81 92 213 202)
4(91 212 213 92)
4(201 202 213 212)
4(82 93 214 203)
4(92 213 214 93)
4(202 203 214 213)
4(83 94 215 204)
4(93 214 215 94)
4(203 204 215 214)
4(84 95 216 205)
4(94 215 216 95)
4(204 205 216 215)
4(85 96 217 206)
4(95 216 217 96)
4(205 206 217 216)
4(86 97 218 207)
4(96 217 218 97)
4(206 207 218 217)
4(97 218 219 98)
4(207 208 219 218)
4(89 100 221 210)
4(99 220 221 100)
4(209 210 221 220)
4(90 101 222 211)
4(100 221 222 101)
4(210 211 222 221)
4(91 102 223 212)
4(101 222 223 102)
4(211 212 223 222)
4(92 103 224 213)
4(102 223 224 103)
4(212 213 224 223)
4(93 104 225 214)
4(103 224 225 104)
4(213 214 225 224)
4(94 105 226 215)
4(104 225 226 105)
4(214 215 226 225)
4(95 106 227 216)
4(105 226 227 106)
4(215 216 227 226)
4(96 107 228 217)
4(106 227 228 107)
4(216 217 228 227)
4(97 108 229 218)
4(107 228 229 108)
4(217 218 229 228)
4(108 229 230 109)
4(218 219 230 229)
4(100 111 232 221)
4(220 221 232 231)
4(101 112 233 222)
4(221 222 233 232)
4(102 113 234 223)
4(222 223 234 233)
4(103 114 235 224)
4(223 224 235 234)
4(104 115 236 225)
4(224 225 236 235)
4(105 116 237 226)
4(225 226 237 236)
4(106 117 238 227)
4(226 227 238 237)
4(107 118 239 228)
4(227 228 239 238)
4(108 119 240 229)
4(228 229 240 239)
4(229 230 241 240)
4(122 133 254 243)
4(132 253 254 133)
4(242 243 254 253)
4(123 134 255 244)
4(133 254 255 134)
4(243 244 255 254)
4(124 135 256 245)
4(134 255 256 135)
4(244 245 256 255)
4(125 136 257 246)
4(135 256 257 136)
4(245 246 257 256)
4(126 137 258 247)
4(136 257 258 137)
4(246 247 258 257)
4(127 138 259 248)
4(137 258 259 138)
4(247 248 259 258)
4(128 139 260 249)
4(138 259 260 139)
4(248 249 260 259)
4(129 140 261 250)
4(139 260 261 140)
4(249 250 261 260)
4(130 141 262 251)
4(140 261 262 141)
4(250 251 262 261)
4(141 262 263 142)
4(251 252 263 262)
4(133 144 265 254)
4(143 264 265 144)
4(253 254 265 264)
4(134 145 266 255)
4(144 265 266 145)
4(254 255 266 265)
4(135 146 267 256)
4(145 266 267 146)
4(255 256 267 266)
4(136 147 268 257)
4(146 267 268 147)
4(256 257 268 267)
4(137 148 269 258)
4(147 268 269 148)
4(257 258 269 268)
4(138 149 270 259)
4(148 269 270 149)
4(258 259 270 269)
4(139 150 271 260)
4(149 270 271 150)
4(259 260 271 270)
4(140 151 272 261)
4(150 271 272 151)
4(260 261 272 271)
4(141 152 273 262)
4(151 272 273 152)
4(261 262 273 272)
4(152 273 274 153)
4(262 263 274 273)
4(144 155 276 265)
4(154 275 276 155)
4(264 265 276 275)
4(145 156 277 266)
4(155 276 277 156)
4(265 266 277 276)
4(146 157 278 267)
4(156 277 278 157)
4(266 267 278 277)
4(147 158 279 268)
4(157 278 279 158)
4(267 268 279 278)
4(148 159 280 269)
4(158 279 280 159)
4(268 269 280 279)
4(149 160 281 270)
4(159 280 281 160)
4(269 270 281 280)
4(150 161 282 271)
4(160 281 282 161)
4(270 271 282 281)
4(151 162 283 272)
4(161 282 283 162)
4(271 272 283 282)
4(152 163 284 273)
4(162 283 284 163)
4(272 273 284 283)
4(163 284 285 164)
4(273 274 285 284)
4(155 166 287 276)
4(165 286 287 166)
4(275 276 287 286)
4(156 167 288 277)
4(166 287 288 167)
4(276 277 288 287)
4(157 168 289 278)
4(167 288 289 168)
4(277 278 289 288)
4(158 169 290 279)
4(168 289 290 169)
4(278 279 290 289)
4(159 170 291 280)
4(169 290 291 170)
4(279 280 291 290)
4(160 171 292 281)
4(170 291 292 171)
4(280 281 292 291)
4(161 172 293 282)
4(171 292 293 172)
4(281 282 293 292)
4(162 173 294 283)
4(172 293 294 173)
4(282 283 294 293)
4(163 174 295 284)
4(173 294 295 174)
4(283 284 295 294)
4(174 295 296 175)
4(284 285 296 295)
4(166 177 298 287)
4(176 297 298 177)
4(286 287 298 297)
4(167 178 299 288)
4(177 298 299 178)
4(287 288 299 298)
4(168 179 300 289)
4(178 299 300 179)
4(288 289 300 299)
4(169 180 301 290)
4(179 300 301 180)
4(289 290 301 300)
4(170 181 302 291)
4(180 301 302 181)
4(290 291 302 301)
4(171 182 303 292)
4(181 302 303 182)
4(291 292 303 302)
4(172 183 304 293)
4(182 303 304 183)
4(292 293 304 303)
4(173 184 305 294)
4(183 304 305 184)
4(293 294 305 304)
4(174 185 306 295)
4(184 305 306 185)
4(294 295 306 305)
4(185 306 307 186)
4(295 296 307 306)
4(177 188 309 298)
4(187 308 309 188)
4(297 298 309 308)
4(178 189 310 299)
4(188 309 310 189)
4(298 299 310 309)
4(179 190 311 300)
4(189 310 311 190)
4(299 300 311 310)
4(180 191 312 301)
4(190 311 312 191)
4(300 301 312 311)
4(181 192 313 302)
4(191 312 313 192)
4(301 302 313 312)
4(182 193 314 303)
4(192 313 314 193)
4(302 303 314 313)
4(183 194 315 304)
4(193 314 315 194)
4(303 304 315 314)
4(184 195 316 305)
4(194 315 316 195)
4(304 305 316 315)
4(185 196 317 306)
4(195 316 317 196)
4(305 306 317 316)
4(196 317 318 197)
4(306 307 318 317)
4(188 199 320 309)
4(198 319 320 199)
4(308 309 320 319)
4(189 200 321 310)
4(199 320 321 200)
4(309 310 321 320)
4(190 201 322 311)
4(200 321 322 201)
4(310 311 322 321)
4(191 202 323 312)
4(201 322 323 202)
4(311 312 323 322)
4(192 203 324 313)
4(202 323 324 203)
4(312 313 324 323)
4(193 204 325 314)
4(203 324 325 204)
4(313 314 325 324)
4(194 205 326 315)
4(204 325 326 205)
4(314 315 326 325)
4(195 206 327 316)
4(205 326 327 206)
4(315 316 327 326)
4(196 207 328 317)
4(206 327 328 207)
4(316 317 328 327)
4(207 328 329 208)
4(317 318 329 328)
4(199 210 331 320)
4(209 330 331 210)
4(319 320 331 330)
4(200 211 332 321)
4(210 331 332 211)
4(320 321 332 331)
4(201 212 333 322)
4(211 332 333 212)
4(321 322 333 332)
4(202 213 334 323)
4(212 333 334 213)
4(322 323 334 333)
4(203 214 335 324)
4(213 334 335 214)
4(323 324 335 334)
4(204 215 336 325)
4(214 335 336 215)
4(324 325 336 335)
4(205 216 337 326)
4(215 336 337 216)
4(325 326 337 336)
4(206 217 338 327)
4(216 337 338 217)
4(326 327 338 337)
4(207 218 339 328)
4(217 338 339 218)
4(327 328 339 338)
4(218 339 340 219)
4(328 329 340 339)
4(210 221 342 331)
4(220 341 342 221)
4(330 331 342 341)
4(211 222 343 332)
4(221 342 343 222)
4(331 332 343 342)
4(212 223 344 333)
4(222 343 344 223)
4(332 333 344 343)
4(213 224 345 334)
4(223 344 345 224)
4(333 334 345 344)
4(214 225 346 335)
4(224 345 346 225)
4(334 335 346 345)
4(215 226 347 336)
4(225 346 347 226)
4(335 336 347 346)
4(216 227 348 337)
4(226 347 348 227)
4(336 337 348 347)
4(217 228 349 338)
4(227 348 349 228)
4(337 338 349 348)
4(218 229 350 339)
4(228 349 350 229)
4(338 339 350 349)
4(229 350 351 230)
4(339 340 351 350)
4(221 232 353 342)
4(341 342 353 352)
4(222 233 354 343)
4(342 343 354 353)
4(223 234 355 344)
4(343 344 355 354)
4(224 235 356 345)
4(344 345 356 355)
4(225 236 357 346)
4(345 346 357 356)
4(226 237 358 347)
4(346 347 358 357)
4(227 238 359 348)
4(347 348 359 358)
4(228 239 360 349)
4(348 349 360 359)
4(229 240 361 350)
4(349 350 361 360)
4(350 351 362 361)
4(243 254 375 364)
4(253 374 375 254)
4(363 364 375 374)
4(244 255 376 365)
4(254 375 376 255)
4(364 365 376 375)
4(245 256 377 366)
4(255 376 377 256)
4(365 366 377 376)
4(246 257 378 367)
4(256 377 378 257)
4(366 367 378 377)
4(247 258 379 368)
4(257 378 379 258)
4(367 368 379 378)
4(248 259 380 369)
4(258 379 380 259)
4(368 369 380 379)
4(249 260 381 370)
4(259 380 381 260)
4(369 370 381 380)
4(250 261 382 371)
4(260 381 382 261)
4(370 371 382 381)
4(251 262 383 372)
4(261 382 383 262)
4(371 372 383 382)
4(262 383 384 263)
4(372 373 384 383)
4(254 265 386 375)
4(264 385 386 265)
4(374 375 386 385)
4(255 266 387 376)
4(265 386 387 266)
4(375 376 387 386)
4(256 267 388 377)
4(266 387 388 267)
4(376 377 388 387)
4(257 268 389 378)
4(267 388 389 268)
4(377 378 389 388)
4(258 269 390 379)
4(268 389 390 269)
4(378 379 390 389)
4(259 270 391 380)
4(269 390 391 270)
4(379 380 391 390)
4(260 271 392 381)
4(270 391 392 271)
4(380 381 392 391)
4(261 272 393 382)
4(271 392 393 272)
4(381 382 393 392)
4(262 273 394 383)
4(272 393 394 273)
4(382 383 394 393)
4(273 394 395 274)
4(383 384 395 394)
4(265 276 397 386)
4(275 396 397 276)
4(385 386 397 396)
4(266 277 398 387)
4(276 397 398 277)
4(386 387 398 397)
4(267 278 399 388)
4(277 398 399 278)
4(387 388 399 398)
4(268 279 400 389)
4(278 399 400 279)
4(388 389 400 399)
4(269 280 401 390)
4(279 400 401 280)
4(389 390 401 400)
4(270 281 402 391)
4(280 401 402 281)
4(390 391 402 401)
4(271 282 403 392)
4(281 402 403 282)
4(391 392 403 402)
4(272 283 404 393)
4(282 403 404 283)
4(392 393 404 403)
4(273 284 405 394)
4(283 404 405 284)
4(393 394 405 404)
4(284 405 406 285)
4(394 395 406 405)
4(276 287 408 397)
4(286 407 408 287)
4(396 397 408 407)
4(277 288 409 398)
4(287 408 409 288)
4(397 398 409 408)
4(278 289 410 399)
4(288 409 410 289)
4(398 399 410 409)
4(279 290 411 400)
4(289 410 411 290)
4(399 400 411 410)
4(280 291 412 401)
4(290 411 412 291)
4(400 401 412 411)
4(281 292 413 402)
4(291 412 413 292)
4(401 402 413 412)
4(282 293 414 403)
4(292 413 414 293)
4(402 403 414 413)
4(283 294 415 404)
4(293 414 415 294)
4(403 404 415 414)
4(284 295 416 405)
4(294 415 416 295)
4(404 405 416 415)
4(295 416 417 296)
4(405 406 417 416)
4(287 298 419 408)
4(297 418 419 298)
4(407 408 419 418)
4(288 299 420 409)
4(298 419 420 299)
4(408 409 420 419)
4(289 300 421 410)
4(299 420 421 300)
4(409 410 421 420)
4(290 301 422 411)
4(300 421 422 301)
4(410 411 422 421)
4(291 302 423 412)
4(301 422 423 302)
4(411 412 423 422)
4(292 303 424 413)
4(302 423 424 303)
4(412 413 424 423)
4(293 304 425 414)
4(303 424 425 304)
4(413 414 425 424)
4(294 305 426 415)
4(304 425 426 305)
4(414 415 426 425)
4(295 306 427 416)
4(305 426 427 306)
4(415 416 427 426)
4(306 427 428 307)
4(416 417 428 427)
4(298 309 430 419)
4(308 429 430 309)
4(418 419 430 429)
4(299 310 431 420)
4(309 430 431 310)
4(419 420 431 430)
4(300 311 432 421)
4(310 431 432 311)
4(420 421 432 431)
4(301 312 433 422)
4(311 432 433 312)
4(421 422 433 432)
4(302 313 434 423)
4(312 433 434 313)
4(422 423 434 433)
4(303 314 435 424)
4(313 434 435 314)
4(423 424 435 434)
4(304 315 436 425)
4(314 435 436 315)
4(424 425 436 435)
4(305 316 437 426)
4(315 436 437 316)
4(425 426 437 436)
4(306 317 438 427)
4(316 437 438 317)
4(426 427 438 437)
4(317 438 439 318)
4(427 428 439 438)
4(309 320 441 430)
4(319 440 441 320)
4(429 430 441 440)
4(310 321 442 431)
4(320 441 442 321)
4(430 431 442 441)
4(311 322 443 432)
4(321 442 443 322)
4(431 432 443 442)
4(312 323 444 433)
4(322 443 444 323)
4(432 433 444 443)
4(313 324 445 434)
4(323 444 445 324)
4(433 434 445 444)
4(314 325 446 435)
4(324 445 446 325)
4(434 435 446 445)
4(315 326 447 436)
4(325 446 447 326)
4(435 436 447 446)
4(316 327 448 437)
4(326 447 448 327)
4(436 437 448 447)
4(317 328 449 438)
4(327 448 449 328)
4(437 438 449 448)
4(328 449 450 329)
4(438 439 450 449)
4(320 331 452 441)
4(330 451 452 331)
4(440 441 452 451)
4(321 332 453 442)
4(331 452 453 332)
4(441 442 453 452)
4(322 333 454 443)
4(332 453 454 333)
4(442 443 454 453)
4(323 334 455 444)
4(333 454 455 334)
4(443 444 455 454)
4(324 335 456 445)
4(334 455 456 335)
4(444 445 456 455)
4(325 336 457 446)
4(335 456 457 336)
4(445 446 457 456)
4(326 337 458 447)
4(336 457 458 337)
4(446 447 458 457)
4(327 338 459 448)
4(337 458 459 338)
4(447 448 459 458)
4(328 339 460 449)
4(338 459 460 339)
4(448 449 460 459)
4(339 460 461 340)
4(449 450 461 460)
4(331 342 463 452)
4(341 462 463 342)
4(451 452 463 462)
4(332 343 464 453)
4(342 463 464 343)
4(452 453 464 463)
4(333 344 465 454)
4(343 464 465 344)
4(453 454 465 464)
4(334 345 466 455)
4(344 465 466 345)
4(454 455 466 465)
4(335 346 467 456)
4(345 466 467 346)
4(455 456 467 466)
4(336 347 468 457)
4(346 467 468 347)
4(456 457 468 467)
4(337 348 469 458)
4(347 468 469 348)
4(457 458 469 468)
4(338 349 470 459)
4(348 469 470 349)
4(458 459 470 469)
4(339 350 471 460)
4(349 470 471 350)
4(459 460 471 470)
4(350 471 472 351)
4(460 461 472 471)
4(342 353 474 463)
4(462 463 474 473)
4(343 354 475 464)
4(463 464 475 474)
4(344 355 476 465)
4(464 465 476 475)
4(345 356 477 466)
4(465 466 477 476)
4(346 357 478 467)
4(466 467 478 477)
4(347 358 479 468)
4(467 468 479 478)
4(348 359 480 469)
4(468 469 480 479)
4(349 360 481 470)
4(469 470 481 480)
4(350 361 482 471)
4(470 471 482 481)
4(471 472 483 482)
4(364 375 496 485)
4(374 495 496 375)
4(484 485 496 495)
4(365 376 497 486)
4(375 496 497 376)
4(485 486 497 496)
4(366 377 498 487)
4(376 497 498 377)
4(486 487 498 497)
4(367 378 499 488)
4(377 498 499 378)
4(487 488 499 498)
4(368 379 500 489)
4(378 499 500 379)
4(488 489 500 499)
4(369 380 501 490)
4(379 500 501 380)
4(489 490 501 500)
4(370 381 502 491)
4(380 501 502 381)
4(490 491 502 501)
4(371 382 503 492)
4(381 502 503 382)
4(491 492 503 502)
4(372 383 504 493)
4(382 503 504 383)
4(492 493 504 503)
4(383 504 505 384)
4(493 494 505 504)
4(375 386 507 496)
4(385 506 507 386)
4(495 496 507 506)
4(376 387 508 497)
4(386 507 508 387)
4(496 497 508 507)
4(377 388 509 498)
4(387 508 509 388)
4(497 498 509 508)
4(378 389 510 499)
4(388 509 510 389)
4(498 499 510 509)
4(379 390 511 500)
4(389 510 511 390)
4(499 500 511 510)
4(380 391 512 501)
4(390 511 512 391)
4(500 501 512 511)
4(381 392 513 502)
4(391 512 513 392)
4(501 502 513 512)
4(382 393 514 503)
4(392 513 514 393)
4(502 503 514 513)
4(383 394 515 504)
4(393 514 515 394)
4(503 504 515 514)
4(394 515 516 395)
4(504 505 516 515)
4(386 397 518 507)
4(396 517 518 397)
4(506 507 518 517)
4(387 398 519 508)
4(397 518 519 398)
4(507 508 519 518)
4(388 399 520 509)
4(398 519 520 399)
4(508 509 520 519)
4(389 400 521 510)
4(399 520 521 400)
4(509 510 521 520)
4(390 401 522 511)
4(400 521 522 401)
4(510 511 522 521)
4(391 402 523 512)
4(401 522 523 402)
4(511 512 523 522)
4(392 403 524 513)
4(402 523 524 403)
4(512 513 524 523)
4(393 404 525 514)
4(403 524 525 404)
4(513 514 525 524)
4(394 405 526 515)
4(404 525 526 405)
4(514 515 526 525)
4(405 526 527 406)
4(515 516 527 526)
4(397 408 529 518)
4(407 528 529 408)
4(517 518 529 528)
4(398 409 530 519)
4(408 529 530 409)
4(518 519 530 529)
4(399 410 531 520)
4(409 530 531 410)
4(519 520 531 530)
4(400 411 532 521)
4(410 531 532 411)
4(520 521 532 531)
4(401 412 533 522)
4(411 532 533 412)
4(521 522 533 532)
4(402 413 534 523)
4(412 533 534 413)
4(522 523 534 533)
4(403 414 535 524)
4(413 534 535 414)
4(523 524 535 534)
4(404 415 536 525)
4(414 535 536 415)
4(524 525 536 535)
4(405 416 537 526)
4(415 536 537 416)
4(525 526 537 536)
4(416 537 538 417)
4(526 527 538 537)
4(408 419 540 529)
4(418 539 540 419)
4(528 529 540 539)
4(409 420 541 530)
4(419 540 541 420)
4(529 530 541 540)
4(410 421 542 531)
4(420 541 542 421)
4(530 531 542 541)
4(411 422 543 532)
4(421 542 543 422)
4(531 532 543 542)
4(412 423 544 533)
4(422 543 544 423)
4(532 533 544 543)
4(413 424 545 534)
4(423 544 545 424)
4(533 534 545 544)
4(414 425 546 535)
4(424 545 546 425)
4(534 535 546 545)
4(415 426 547 536)
4(425 546 547 426)
4(535 536 547 546)
4(416 427 548 537)
4(426 547 548 427)
4(536 537 548 547)
4(427 548 549 428)
4(537 538 549 548)
4(419 430 551 540)
4(429 550 551 430)
4(539 540 551 550)
4(420 431 552 541)
4(430 551 552 431)
4(540 541 552 551)
4(421 432 553 542)
4(431 552 553 432)
4(541 542 553 552)
4(422 433 554 543)
4(432 553 554 433)
4(542 543 554 553)
4(423 434 555 544)
4(433 554 555 434)
4(543 544 555 554)
4(424 435 556 545)
4(434 555 556 435)
4(544 545 556 555)
4(425 436 557 546)
4(435 556 557 436)
4(545 546 557 556)
4(426 437 558 547)
4(436 557 558 437)
4(546 547 558 557)
4(427 438 559 548)
4(437 558 559 438)
4(547 548 559 558)
4(438 559 560 439)
4(548 549 560 559)
4(430 441 562 551)
4(440 561 562 441)
4(550 551 562 561)
4(431 442 563 552)
4(441 562 563 442)
4(551 552 563 562)
4(432 443 564 553)
4(442 563 564 443)
4(552 553 564 563)
4(433 444 565 554)
4(443 564 565 444)
4(553 554 565 564)
4(434 445 566 555)
4(444 565 566 445)
4(554 555 566 565)
4(435 446 567 556)
4(445 566 567 446)
4(555 556 567 566)
4(436 447 568 557)
4(446 567 568 447)
4(556 557 568 567)
4(437 448 569 558)
4(447 568 569 448)
4(557 558 569 568)
4(438 449 570 559)
4(448 569 570 449)
4(558 559 570 569)
4(449 570 571 450)
4(559 560 571 570)
4(441 452 573 562)
4(451 572 573 452)
4(561 562 573 572)
4(442 453 574 563)
4(452 573 574 453)
4(562 563 574 573)
4(443 454 575 564)
4(453 574 575 454)
4(563 564 575 574)
4(444 455 576 565)
4(454 575 576 455)
4(564 565 576 575)
4(445 456 577 566)
4(455 576 577 456)
4(565 566 577 576)
4(446 457 578 567)
4(456 577 578 457)
4(566 567 578 577)
4(447 458 579 568)
4(457 578 579 458)
4(567 568 579 578)
4(448 459 580 569)
4(458 579 580 459)
4(568 569 580 579)
4(449 460 581 570)
4(459 580 581 460)
4(569 570 581 580)
4(460 581 582 461)
4(570 571 582 581)
4(452 463 584 573)
4(462 583 584 463)
4(572 573 584 583)
4(453 464 585 574)
4(463 584 585 464)
4(573 574 585 584)
4(454 465 586 575)
4(464 585 586 465)
4(574 575 586 585)
4(455 466 587 576)
4(465 586 587 466)
4(575 576 587 586)
4(456 467 588 577)
4(466 587 588 467)
4(576 577 588 587)
4(457 468 589 578)
4(467 588 589 468)
4(577 578 589 588)
4(458 469 590 579)
4(468 589 590 469)
4(578 579 590 589)
4(459 470 591 580)
4(469 590 591 470)
4(579 580 591 590)
4(460 471 592 581)
4(470 591 592 471)
4(580 581 592 591)
4(471 592 593 472)
4(581 582 593 592)
4(463 474 595 584)
4(583 584 595 594)
4(464 475 596 585)
4(584 585 596 595)
4(465 476 597 586)
4(585 586 597 596)
4(466 477 598 587)
4(586 587 598 597)
4(467 478 599 588)
4(587 588 599 598)
4(468 479 600 589)
4(588 589 600 599)
4(469 480 601 590)
4(589 590 601 600)
4(470 481 602 591)
4(590 591 602 601)
4(471 482 603 592)
4(591 592 603 602)
4(592 593 604 603)
4(485 496 617 606)
4(495 616 617 496)
4(605 606 617 616)
4(486 497 618 607)
4(496 617 618 497)
4(606 607 618 617)
4(487 498 619 608)
4(497 618 619 498)
4(607 608 619 618)
4(488 499 620 609)
4(498 619 620 499)
4(608 609 620 619)
4(489 500 621 610)
4(499 620 621 500)
4(609 610 621 620)
4(490 501 622 611)
4(500 621 622 501)
4(610 611 622 621)
4(491 502 623 612)
4(501 622 623 502)
4(611 612 623 622)
4(492 503 624 613)
4(502 623 624 503)
4(612 613 624 623)
4(493 504 625 614)
4(503 624 625 504)
4(613 614 625 624)
4(504 625 626 505)
4(614 615 626 625)
4(496 507 628 617)
4(506 627 628 507)
4(616 617 628 627)
4(497 508 629 618)
4(507 628 629 508)
4(617 618 629 628)
4(498 509 630 619)
4(508 629 630 509)
4(618 619 630 629)
4(499 510 631 620)
4(509 630 631 510)
4(619 620 631 630)
4(500 511 632 621)
4(510 631 632 511)
4(620 621 632 631)
4(501 512 633 622)
4(511 632 633 512)
4(621 622 633 632)
4(502 513 634 623)
4(512 633 634 513)
4(622 623 634 633)
4(503 514 635 624)
4(513 634 635 514)
4(623 624 635 634)
4(504 515 636 625)
4(514 635 636 515)
4(624 625 636 635)
4(515 636 637 516)
4(625 626 637 636)
4(507 518 639 628)
4(517 638 639 518)
4(627 628 639 638)
4(508 519 640 629)
4(518 639 640 519)
4(628 629 640 639)
4(509 520 641 630)
4(519 640 641 520)
4(629 630 641 640)
4(510 521 642 631)
4(520 641 642 521)
4(630 631 642 641)
4(511 522 643 632)
4(521 642 643 522)
4(631 632 643 642)
4(512 523 644 633)
4(522 643 644 523)
4(632 633 644 643)
4(513 524 645 634)
4(523 644 645 524)
4(633 634 645 644)
4(514 525 646 635)
4(524 645 646 525)
4(634 635 646 645)
4(515 526 647 636)
4(525 646 647 526)
4(635 636 647 646)
4(526 647 648 527)
4(636 637 648 647)
4(518 529 650 639)
4(528 649 650 529)
4(638 639 650 649)
4(519 530 651 640)
4(529 650 651 530)
4(639 640 651 650)
4(520 531 652 641)
4(530 651 652 531)
4(640 641 652 651)
4(521 532 653 642)
4(531 652 653 532)
4(641 642 653 652)
4(522 533 654 643)
4(532 653 654 533)
4(642 643 654 653)
4(523 534 655 644)
4(533 654 655 534)
4(643 644 655 654)
4(524 535 656 645)
4(534 655 656 535)
4(644 645 656 655)
4(525 536 657 646)
4(535 656 657 536)
4(645 646 657 656)
4(526 537 658 647)
4(536 657 658 537)
4(646 647 658 657)
4(537 658 659 538)
4(647 648 659 658)
4(529 540 661 650)
4(539 660 661 540)
4(649 650 661 660)
4(530 541 662 651)
4(540 661 662 541)
4(650 651 662 661)
4(531 542 663 652)
4(541 662 663 542)
4(651 652 663 662)
4(532 543 664 653)
4(542 663 664 543)
4(652 653 664 663)
4(533 544 665 654)
4(543 664 665 544)
4(653 654 665 664)
4(534 545 666 655)
4(544 665 666 545)
4(654 655 666 665)
4(535 546 667 656)
4(545 666 667 546)
4(655 656 667 666)
4(536 547 668 657)
4(546 667 668 547)
4(656 657 668 667)
4(537 548 669 658)
4(547 668 669 548)
4(657 658 669 668)
4(548 669 670 549)
4(658 659 670 669)
4(540 551 672 661)
4(550 671 672 551)
4(660 661 672 671)
4(541 552 673 662)
4(551 672 673 552)
4(661 662 673 672)
4(542 553 674 663)
4(552 673 674 553)
4(662 663 674 673)
4(543 554 675 664)
4(553 674 675 554)
4(663 664 675 674)
4(544 555 676 665)
4(554 675 676 555)
4(664 665 676 675)
4(545 556 677 666)
4(555 676 677 556)
4(665 666 677 676)
4(546 557 678 667)
4(556 677 678 557)
4(666 667 678 677)
4(547 558 679 668)
4(557 678 679 558)
4(667 668 679 678)
4(548 559 680 669)
4(558 679 680 559)
4(668 669 680 679)
4(559 680 681 560)
4(669 670 681 680)
4(551 562 683 672)
4(561 682 683 562)
4(671 672 683 682)
4(552 563 684 673)
4(562 683 684 563)
4(672 673 684 683)
4(553 564 685 674)
4(563 684 685 564)
4(673 674 685 684)
4(554 565 686 675)
4(564 685 686 565)
4(674 675 686 685)
4(555 566 687 676)
4(565 686 687 566)
4(675 676 687 686)
4(556 567 688 677)
4(566 687 688 567)
4(676 677 688 687)
4(557 568 689 678)
4(567 688 689 568)
4(677 678 689 688)
4(558 569 690 679)
4(568 689 690 569)
4(678 679 690 689)
4(559 570 691 680)
4(569 690 691 570)
4(679 680 691 690)
4(570 691 692 571)
4(680 681 692 691)
4(562 573 694 683)
4(572 693 694 573)
4(682 683 694 693)
4(563 574 695 684)
4(573 694 695 574)
4(683 684 695 694)
4(564 575 696 685)
4(574 695 696 575)
4(684 685 696 695)
4(565 576 697 686)
4(575 696 697 576)
4(685 686 697 696)
4(566 577 698 687)
4(576 697 698 577)
4(686 687 698 697)
4(567 578 699 688)
4(577 698 699 578)
4(687 688 699 698)
4(568 579 700 689)
4(578 699 700 579)
4(688 689 700 699)
4(569 580 701 690)
4(579 700 701 580)
4(689 690 701 700)
4(570 581 702 691)
4(580 701 702 581)
4(690 691 702 701)
4(581 702 703 582)
4(691 692 703 702)
4(573 584 705 694)
4(583 704 705 584)
4(693 694 705 704)
4(574 585 706 695)
4(584 705 706 585)
4(694 695 706 705)
4(575 586 707 696)
4(585 706 707 586)
4(695 696 707 706)
4(576 587 708 697)
4(586 707 708 587)
4(696 697 708 707)
4(577 588 709 698)
4(587 708 709 588)
4(697 698 709 708)
4(578 589 710 699)
4(588 709 710 589)
4(698 699 710 709)
4(579 590 711 700)
4(589 710 711 590)
4(699 700 711 710)
4(580 591 712 701)
4(590 711 712 591)
4(700 701 712 711)
4(581 592 713 702)
4(591 712 713 592)
4(701 702 713 712)
4(592 713 714 593)
4(702 703 714 713)
4(584 595 716 705)
4(704 705 716 715)
4(585 596 717 706)
4(705 706 717 716)
4(586 597 718 707)
4(706 707 718 717)
4(587 598 719 708)
4(707 708 719 718)
4(588 599 720 709)
4(708 709 720 719)
4(589 600 721 710)
4(709 710 721 720)
4(590 601 722 711)
4(710 711 722 721)
4(591 602 723 712)
4(711 712 723 722)
4(592 603 724 713)
4(712 713 724 723)
4(713 714 725 724)
4(606 617 738 727)
4(616 737 738 617)
4(726 727 738 737)
4(607 618 739 728)
4(617 738 739 618)
4(727 728 739 738)
4(608 619 740 729)
4(618 739 740 619)
4(728 729 740 739)
4(609 620 741 730)
4(619 740 741 620)
4(729 730 741 740)
4(610 621 742 731)
4(620 741 742 621)
4(730 731 742 741)
4(611 622 743 732)
4(621 742 743 622)
4(731 732 743 742)
4(612 623 744 733)
4(622 743 744 623)
4(732 733 744 743)
4(613 624 745 734)
4(623 744 745 624)
4(733 734 745 744)
4(614 625 746 735)
4(624 745 746 625)
4(734 735 746 745)
4(625 746 747 626)
4(735 736 747 746)
4(617 628 749 738)
4(627 748 749 628)
4(737 738 749 748)
4(618 629 750 739)
4(628 749 750 629)
4(738 739 750 749)
4(619 630 751 740)
4(629 750 751 630)
4(739 740 751 750)
4(620 631 752 741)
4(630 751 752 631)
4(740 741 752 751)
4(621 632 753 742)
4(631 752 753 632)
4(741 742 753 752)
4(622 633 754 743)
4(632 753 754 633)
4(742 743 754 753)
4(623 634 755 744)
4(633 754 755 634)
4(743 744 755 754)
4(624 635 756 745)
4(634 755 756 635)
4(744 745 756 755)
4(625 636 757 746)
4(635 756 757 636)
4(745 746 757 756)
4(636 757 758 637)
4(746 747 758 757)
4(628 639 760 749)
4(638 759 760 639)
4(748 749 760 759)
4(629 640 761 750)
4(639 760 761 640)
4(749 750 761 760)
4(630 641 762 751)
4(640 761 762 641)
4(750 751 762 761)
4(631 642 763 752)
4(641 762 763 642)
4(751 752 763 762)
4(632 643 764 753)
4(642 763 764 643)
4(752 753 764 763)
4(633 644 765 754)
4(643 764 765 644)
4(753 754 765 764)
4(634 645 766 755)
4(644 765 766 645)
4(754 755 766 765)
4(635 646 767 756)
4(645 766 767 646)
4(755 756 767 766)
4(636 647 768 757)
4(646 767 768 647)
4(756 757 768 767)
4(647 768 769 648)
4(757 758 769 768)
4(639 650 771 760)
4(649 770 771 650)
4(759 760 771 770)
4(640 651 772 761)
4(650 771 772 651)
4(760 761 772 771)
4(641 652 773 762)
4(651 772 773 652)
4(761 762 773 772)
4(642 653 774 763)
4(652 773 774 653)
4(762 763 774 773)
4(643 654 775 764)
4(653 774 775 654)
4(763 764 775 774)
4(644 655 776 765)
4(654 775 776 655)
4(764 765 776 775)
4(645 656 777 766)
4(655 776 777 656)
4(765 766 777 776)
4(646 657 778 767)
4(656 777 778 657)
4(766 767 778 777)
4(647 658 779 768)
4(657 778 779 658)
4(767 768 779 778)
4(658 779 780 659)
4(768 769 780 779)
4(650 661 782 771)
4(660 781 782 661)
4(770 771 782 781)
4(651 662 783 772)
4(661 782 783 662)
4(771 772 783 782)
4(652 663 784 773)
4(662 783 784 663)
4(772 773 784 783)
4(653 664 785 774)
4(663 784 785 664)
4(773 774 785 784)
4(654 665 786 775)
4(664 785 786 665)
4(774 775 786 785)
4(655 666 787 776)
4(665 786 787 666)
4(775 776 787 786)
4(656 667 788 777)
4(666 787 788 667)
4(776 777 788 787)
4(657 668 789 778)
4(667 788 789 668)
4(777 778 789 788)
4(658 669 790 779)
4(668 789 790 669)
4(778 779 790 789)
4(669 790 791 670)
4(779 780 791 790)
4(661 672 793 782)
4(671 792 793 672)
4(781 782 793 792)
4(662 673 794 783)
4(672 793 794 673)
4(782 783 794 793)
4(663 674 795 784)
4(673 794 795 674)
4(783 784 795 794)
4(664 675 796 785)
4(674 795 796 675)
4(784 785 796 795)
4(665 676 797 786)
4(675 796 797 676)
4(785 786 797 796)
4(666 677 798 787)
4(676 797 798 677)
4(786 787 798 797)
4(667 678 799 788)
4(677 798 799 678)
4(787 788 799 798)
4(668 679 800 789)
4(678 799 800 679)
4(788 789 800 799)
4(669 680 801 790)
4(679 800 801 680)
4(789 790 801 800)
4(680 801 802 681)
4(790 791 802 801)
4(672 683 804 793)
4(682 803 804 683)
4(792 793 804 803)
4(673 684 805 794)
4(683 804 805 684)
4(793 794 805 804)
4(674 685 806 795)
4(684 805 806 685)
4(794 795 806 805)
4(675 686 807 796)
4(685 806 807 686)
4(795 796 807 806)
4(676 687 808 797)
4(686 807 808 687)
4(796 797 808 807)
4(677 688 809 798)
4(687 808 809 688)
4(797 798 809 808)
4(678 689 810 799)
4(688 809 810 689)
4(798 799 810 809)
4(679 690 811 800)
4(689 810 811 690)
4(799 800 811 810)
4(680 691 812 801)
4(690 811 812 691)
4(800 801 812 811)
4(691 812 813 692)
4(801 802 813 812)
4(683 694 815 804)
4(693 814 815 694)
4(803 804 815 814)
4(684 695 816 805)
4(694 815 816 695)
4(804 805 816 815)
4(685 696 817 806)
4(695 816 817 696)
4(805 806 817 816)
4(686 697 818 807)
4(696 817 818 697)
4(806 807 818 817)
4(687 698 819 808)
4(697 818 819 698)
4(807 808 819 818)
4(688 699 820 809)
4(698 819 820 699)
4(808 809 820 819)
4(689 700 821 810)
4(699 820 821 700)
4(809 810 821 820)
4(690 701 822 811)
4(700 821 822 701)
4(810 811 822 821)
4(691 702 823 812)
4(701 822 823 702)
4(811 812 823 822)
4(702 823 824 703)
4(812 813 824 823)
4(694 705 826 815)
4(704 825 826 705)
4(814 815 826 825)
4(695 706 827 816)
4(705 826 827 706)
4(815 816 827 826)
4(696 707 828 817)
4(706 827 828 707)
4(816 817 828 827)
4(697 708 829 818)
4(707 828 829 708)
4(817 818 829 828)
4(698 709 830 819)
4(708 829 830 709)
4(818 819 830 829)
4(699 710 831 820)
4(709 830 831 710)
4(819 820 831 830)
4(700 711 832 821)
4(710 831 832 711)
4(820 821 832 831)
4(701 712 833 822)
4(711 832 833 712)
4(821 822 833 832)
4(702 713 834 823)
4(712 833 834 713)
4(822 823 834 833)
4(713 834 835 714)
4(823 824 835 834)
4(705 716 837 826)
4(825 826 837 836)
4(706 717 838 827)
4(826 827 838 837)
4(707 718 839 828)
4(827 828 839 838)
4(708 719 840 829)
4(828 829 840 839)
4(709 720 841 830)
4(829 830 841 840)
4(710 721 842 831)
4(830 831 842 841)
4(711 722 843 832)
4(831 832 843 842)
4(712 723 844 833)
4(832 833 844 843)
4(713 724 845 834)
4(833 834 845 844)
4(834 835 846 845)
4(727 738 859 848)
4(737 858 859 738)
4(847 848 859 858)
4(728 739 860 849)
4(738 859 860 739)
4(848 849 860 859)
4(729 740 861 850)
4(739 860 861 740)
4(849 850 861 860)
4(730 741 862 851)
4(740 861 862 741)
4(850 851 862 861)
4(731 742 863 852)
4(741 862 863 742)
4(851 852 863 862)
4(732 743 864 853)
4(742 863 864 743)
4(852 853 864 863)
4(733 744 865 854)
4(743 864 865 744)
4(853 854 865 864)
4(734 745 866 855)
4(744 865 866 745)
4(854 855 866 865)
4(735 746 867 856)
4(745 866 867 746)
4(855 856 867 866)
4(746 867 868 747)
4(856 857 868 867)
4(738 749 870 859)
4(748 869 870 749)
4(858 859 870 869)
4(739 750 871 860)
4(749 870 871 750)
4(859 860 871 870)
4(740 751 872 861)
4(750 871 872 751)
4(860 861 872 871)
4(741 752 873 862)
4(751 872 873 752)
4(861 862 873 872)
4(742 753 874 863)
4(752 873 874 753)
4(862 863 874 873)
4(743 754 875 864)
4(753 874 875 754)
4(863 864 875 874)
4(744 755 876 865)
4(754 875 876 755)
4(864 865 876 875)
4(745 756 877 866)
4(755 876 877 756)
4(865 866 877 876)
4(746 757 878 867)
4(756 877 878 757)
4(866 867 878 877)
4(757 878 879 758)
4(867 868 879 878)
4(749 760 881 870)
4(759 880 881 760)
4(869 870 881 880)
4(750 761 882 871)
4(760 881 882 761)
4(870 871 882 881)
4(751 762 883 872)
4(761 882 883 762)
4(871 872 883 882)
4(752 763 884 873)
4(762 883 884 763)
4(872 873 884 883)
4(753 764 885 874)
4(763 884 885 764)
4(873 874 885 884)
4(754 765 886 875)
4(764 885 886 765)
4(874 875 886 885)
4(755 766 887 876)
4(765 886 887 766)
4(875 876 887 886)
4(756 767 888 877)
4(766 887 888 767)
4(876 877 888 887)
4(757 768 889 878)
4(767 888 889 768)
4(877 878 889 888)
4(768 889 890 769)
4(878 879 890 889)
4(760 771 892 881)
4(770 891 892 771)
4(880 881 892 891)
4(761 772 893 882)
4(771 892 893 772)
4(881 882 893 892)
4(762 773 894 883)
4(772 893 894 773)
4(882 883 894 893)
4(763 774 895 884)
4(773 894 895 774)
4(883 884 895 894)
4(764 775 896 885)
4(774 895 896 775)
4(884 885 896 895)
4(765 776 897 886)
4(775 896 897 776)
4(885 886 897 896)
4(766 777 898 887)
4(776 897 898 777)
4(886 887 898 897)
4(767 778 899 888)
4(777 898 899 778)
4(887 888 899 898)
4(768 779 900 889)
4(778 899 900 779)
4(888 889 900 899)
4(779 900 901 780)
4(889 890 901 900)
4(771 782 903 892)
4(781 902 903 782)
4(891 892 903 902)
4(772 783 904 893)
4(782 903 904 783)
4(892 893 904 903)
4(773 784 905 894)
4(783 904 905 784)
4(893 894 905 904)
4(774 785 906 895)
4(784 905 906 785)
4(894 895 906 905)
4(775 786 907 896)
4(785 906 907 786)
4(895 896 907 906)
4(776 787 908 897)
4(786 907 908 787)
4(896 897 908 907)
4(777 788 909 898)
4(787 908 909 788)
4(897 898 909 908)
4(778 789 910 899)
4(788 909 910 789)
4(898 899 910 909)
4(779 790 911 900)
4(789 910 911 790)
4(899 900 911 910)
4(790 911 912 791)
4(900 901 912 911)
4(782 793 914 903)
4(792 913 914 793)
4(902 903 914 913)
4(783 794 915 904)
4(793 914 915 794)
4(903 904 915 914)
4(784 795 916 905)
4(794 915 916 795)
4(904 905 916 915)
4(785 796 917 906)
4(795 916 917 796)
4(905 906 917 916)
4(786 797 918 907)
4(796 917 918 797)
4(906 907 918 917)
4(787 798 919 908)
4(797 918 919 798)
4(907 908 919 918)
4(788 799 920 909)
4(798 919 920 799)
4(908 909 920 919)
4(789 800 921 910)
4(799 920 921 800)
4(909 910 921 920)
4(790 801 922 911)
4(800 921 922 801)
4(910 911 922 921)
4(801 922 923 802)
4(911 912 923 922)
4(793 804 925 914)
4(803 924 925 804)
4(913 914 925 924)
4(794 805 926 915)
4(804 925 926 805)
4(914 915 926 925)
4(795 806 927 916)
4(805 926 927 806)
4(915 916 927 926)
4(796 807 928 917)
4(806 927 928 807)
4(916 917 928 927)
4(797 808 929 918)
4(807 928 929 808)
4(917 918 929 928)
4(798 809 930 919)
4(808 929 930 809)
4(918 919 930 929)
4(799 810 931 920)
4(809 930 931 810)
4(919 920 931 930)
4(800 811 932 921)
4(810 931 932 811)
4(920 921 932 931)
4(801 812 933 922)
4(811 932 933 812)
4(921 922 933 932)
4(812 933 934 813)
4(922 923 934 933)
4(804 815 936 925)
4(814 935 936 815)
4(924 925 936 935)
4(805 816 937 926)
4(815 936 937 816)
4(925 926 937 936)
4(806 817 938 927)
4(816 937 938 817)
4(926 927 938 937)
4(807 818 939 928)
4(817 938 939 818)
4(927 928 939 938)
4(808 819 940 929)
4(818 939 940 819)
4(928 929 940 939)
4(809 820 941 930)
4(819 940 941 820)
4(929 930 941 940)
4(810 821 942 931)
4(820 941 942 821)
4(930 931 942 941)
4(811 822 943 932)
4(821 942 943 822)
4(931 932 943 942)
4(812 823 944 933)
4(822 943 944 823)
4(932 933 944 943)
4(823 944 945 824)
4(933 934 945 944)
4(815 826 947 936)
4(825 946 947 826)
4(935 936 947 946)
4(816 827 948 937)
4(826 947 948 827)
4(936 937 948 947)
4(817 828 949 938)
4(827 948 949 828)
4(937 938 949 948)
4(818 829 950 939)
4(828 949 950 829)
4(938 939 950 949)
4(819 830 951 940)
4(829 950 951 830)
4(939 940 951 950)
4(820 831 952 941)
4(830 951 952 831)
4(940 941 952 951)
4(821 832 953 942)
4(831 952 953 832)
4(941 942 953 952)
4(822 833 954 943)
4(832 953 954 833)
4(942 943 954 953)
4(823 834 955 944)
4(833 954 955 834)
4(943 944 955 954)
4(834 955 956 835)
4(944 945 956 955)
4(826 837 958 947)
4(946 947 958 957)
4(827 838 959 948)
4(947 948 959 958)
4(828 839 960 949)
4(948 949 960 959)
4(829 840 961 950)
4(949 950 961 960)
4(830 841 962 951)
4(950 951 962 961)
4(831 842 963 952)
4(951 952 963 962)
4(832 843 964 953)
4(952 953 964 963)
4(833 844 965 954)
4(953 954 965 964)
4(834 845 966 955)
4(954 955 966 965)
4(955 956 967 966)
4(848 859 980 969)
4(858 979 980 859)
4(968 969 980 979)
4(849 860 981 970)
4(859 980 981 860)
4(969 970 981 980)
4(850 861 982 971)
4(860 981 982 861)
4(970 971 982 981)
4(851 862 983 972)
4(861 982 983 862)
4(971 972 983 982)
4(852 863 984 973)
4(862 983 984 863)
4(972 973 984 983)
4(853 864 985 974)
4(863 984 985 864)
4(973 974 985 984)
4(854 865 986 975)
4(864 985 986 865)
4(974 975 986 985)
4(855 866 987 976)
4(865 986 987 866)
4(975 976 987 986)
4(856 867 988 977)
4(866 987 988 867)
4(976 977 988 987)
4(867 988 989 868)
4(977 978 989 988)
4(859 870 991 980)
4(869 990 991 870)
4(979 980 991 990)
4(860 871 992 981)
4(870 991 992 871)
4(980 981 992 991)
4(861 872 993 982)
4(871 992 993 872)
4(981 982 993 992)
4(862 873 994 983)
4(872 993 994 873)
4(982 983 994 993)
4(863 874 995 984)
4(873 994 995 874)
4(983 984 995 994)
4(864 875 996 985)
4(874 995 996 875)
4(984 985 996 995)
4(865 876 997 986)
4(875 996 997 876)
4(985 986 997 996)
4(866 877 998 987)
4(876 997 998 877)
4(986 987 998 997)
4(867 878 999 988)
4(877 998 999 878)
4(987 988 999 998)
4(878 999 1000 879)
4(988 989 1000 999)
4(870 881 1002 991)
4(880 1001 1002 881)
4(990 991 1002 1001)
4(871 882 1003 992)
4(881 1002 1003 882)
4(991 992 1003 1002)
4(872 883 1004 993)
4(882 1003 1004 883)
4(992 993 1004 1003)
4(873 884 1005 994)
4(883 1004 1005 884)
4(993 994 1005 1004)
4(874 885 1006 995)
4(884 1005 1006 885)
4(994 995 1006 1005)
4(875 886 1007 996)
4(885 1006 1007 886)
4(995 996 1007 1006)
4(876 887 1008 997)
4(886 1007 1008 887)
4(996 997 1008 1007)
4(877 888 1009 998)
4(887 1008 1009 888)
4(997 998 1009 1008)
4(878 889 1010 999)
4(888 1009 1010 889)
4(998 999 1010 1009)
4(889 1010 1011 890)
4(999 1000 1011 1010)
4(881 892 1013 1002)
4(891 1012 1013 892)
4(1001 1002 1013 1012)
4(882 893 1014 1003)
4(892 1013 1014 893)
4(1002 1003 1014 1013)
4(883 894 1015 1004)
4(893 1014 1015 894)
4(1003 1004 1015 1014)
4(884 895 1016 1005)
4(894 1015 1016 895)
4(1004 1005 1016 1015)
4(885 896 1017 1006)
4(895 1016 1017 896)
4(1005 1006 1017 1016)
4(886 897 1018 1007)
4(896 1017 1018 897)
4(1006 1007 1018 1017)
4(887 898 1019 1008)
4(897 1018 1019 898)
4(1007 1008 1019 1018)
4(888 899 1020 1009)
4(898 1019 1020 899)
4(1008 1009 1020 1019)
4(889 900 1021 1010)
4(899 1020 1021 900)
4(1009 1010 1021 1020)
4(900 1021 1022 901)
4(1010 1011 1022 1021)
4(892 903 1024 1013)
4(902 1023 1024 903)
4(1012 1013 1024 1023)
4(893 904 1025 1014)
4(903 1024 1025 904)
4(1013 1014 1025 1024)
4(894 905 1026 1015)
4(904 1025 1026 905)
4(1014 1015 1026 1025)
4(895 906 1027 1016)
4(905 1026 1027 906)
4(1015 1016 1027 1026)
4(896 907 1028 1017)
4(906 1027 1028 907)
4(1016 1017 1028 1027)
4(897 908 1029 1018)
4(907 1028 1029 908)
4(1017 1018 1029 1028)
4(898 909 1030 1019)
4(908 1029 1030 909)
4(1018 1019 1030 1029)
4(899 910 1031 1020)
4(909 1030 1031 910)
4(1019 1020 1031 1030)
4(900 911 1032 1021)
4(910 1031 1032 911)
4(1020 1021 1032 1031)
4(911 1032 1033 912)
4(1021 1022 1033 1032)
4(903 914 1035 1024)
4(913 1034 1035 914)
4(1023 1024 1035 1034)
4(904 915 1036 1025)
4(914 1035 1036 915)
4(1024 1025 1036 1035)
4(905 916 1037 1026)
4(915 1036 1037 916)
4(1025 1026 1037 1036)
4(906 917 1038 1027)
4(916 1037 1038 917)
4(1026 1027 1038 1037)
4(907 918 1039 1028)
4(917 1038 1039 918)
4(1027 1028 1039 1038)
4(908 919 1040 1029)
4(918 1039 1040 919)
4(1028 1029 1040 1039)
4(909 920 1041 1030)
4(919 1040 1041 920)
4(1029 1030 1041 1040)
4(910 921 1042 1031)
4(920 1041 1042 921)
4(1030 1031 1042 1041)
4(911 922 1043 1032)
4(921 1042 1043 922)
4(1031 1032 1043 1042)
4(922 1043 1044 923)
4(1032 1033 1044 1043)
4(914 925 1046 1035)
4(924 1045 1046 925)
4(1034 1035 1046 1045)
4(915 926 1047 1036)
4(925 1046 1047 926)
4(1035 1036 1047 1046)
4(916 927 1048 1037)
4(926 1047 1048 927)
4(1036 1037 1048 1047)
4(917 928 1049 1038)
4(927 1048 1049 928)
4(1037 1038 1049 1048)
4(918 929 1050 1039)
4(928 1049 1050 929)
4(1038 1039 1050 1049)
4(919 930 1051 1040)
4(929 1050 1051 930)
4(1039 1040 1051 1050)
4(920 931 1052 1041)
4(930 1051 1052 931)
4(1040 1041 1052 1051)
4(921 932 1053 1042)
4(931 1052 1053 932)
4(1041 1042 1053 1052)
4(922 933 1054 1043)
4(932 1053 1054 933)
4(1042 1043 1054 1053)
4(933 1054 1055 934)
4(1043 1044 1055 1054)
4(925 936 1057 1046)
4(935 1056 1057 936)
4(1045 1046 1057 1056)
4(926 937 1058 1047)
4(936 1057 1058 937)
4(1046 1047 1058 1057)
4(927 938 1059 1048)
4(937 1058 1059 938)
4(1047 1048 1059 1058)
4(928 939 1060 1049)
4(938 1059 1060 939)
4(1048 1049 1060 1059)
4(929 940 1061 1050)
4(939 1060 1061 940)
4(1049 1050 1061 1060)
4(930 941 1062 1051)
4(940 1061 1062 941)
4(1050 1051 1062 1061)
4(931 942 1063 1052)
4(941 1062 1063 942)
4(1051 1052 1063 1062)
4(932 943 1064 1053)
4(942 1063 1064 943)
4(1052 1053 1064 1063)
4(933 944 1065 1054)
4(943 1064 1065 944)
4(1053 1054 1065 1064)
4(944 1065 1066 945)
4(1054 1055 1066 1065)
4(936 947 1068 1057)
4(946 1067 1068 947)
4(1056 1057 1068 1067)
4(937 948 1069 1058)
4(947 1068 1069 948)
4(1057 1058 1069 1068)
4(938 949 1070 1059)
4(948 1069 1070 949)
4(1058 1059 1070 1069)
4(939 950 1071 1060)
4(949 1070 1071 950)
4(1059 1060 1071 1070)
4(940 951 1072 1061)
4(950 1071 1072 951)
4(1060 1061 1072 1071)
4(941 952 1073 1062)
4(951 1072 1073 952)
4(1061 1062 1073 1072)
4(942 953 1074 1063)
4(952 1073 1074 953)
4(1062 1063 1074 1073)
4(943 954 1075 1064)
4(953 1074 1075 954)
4(1063 1064 1075 1074)
4(944 955 1076 1065)
4(954 1075 1076 955)
4(1064 1065 1076 1075)
4(955 1076 1077 956)
4(1065 1066 1077 1076)
4(947 958 1079 1068)
4(1067 1068 1079 1078)
4(948 959 1080 1069)
4(1068 1069 1080 1079)
4(949 960 1081 1070)
4(1069 1070 1081 1080)
4(950 961 1082 1071)
4(1070 1071 1082 1081)
4(951 962 1083 1072)
4(1071 1072 1083 1082)
4(952 963 1084 1073)
4(1072 1073 1084 1083)
4(953 964 1085 1074)
4(1073 1074 1085 1084)
4(954 965 1086 1075)
4(1074 1075 1086 1085)
4(955 966 1087 1076)
4(1075 1076 1087 1086)
4(1076 1077 1088 1087)
4(969 980 1101 1090)
4(979 1100 1101 980)
4(1089 1090 1101 1100)
4(970 981 1102 1091)
4(980 1101 1102 981)
4(1090 1091 1102 1101)
4(971 982 1103 1092)
4(981 1102 1103 982)
4(1091 1092 1103 1102)
4(972 983 1104 1093)
4(982 1103 1104 983)
4(1092 1093 1104 1103)
4(973 984 1105 1094)
4(983 1104 1105 984)
4(1093 1094 1105 1104)
4(974 985 1106 1095)
4(984 1105 1106 985)
4(1094 1095 1106 1105)
4(975 986 1107 1096)
4(985 1106 1107 986)
4(1095 1096 1107 1106)
4(976 987 1108 1097)
4(986 1107 1108 987)
4(1096 1097 1108 1107)
4(977 988 1109 1098)
4(987 1108 1109 988)
4(1097 1098 1109 1108)
4(988 1109 1110 989)
4(1098 1099 1110 1109)
4(980 991 1112 1101)
4(990 1111 1112 991)
4(1100 1101 1112 1111)
4(981 992 1113 1102)
4(991 1112 1113 992)
4(1101 1102 1113 1112)
4(982 993 1114 1103)
4(992 1113 1114 993)
4(1102 1103 1114 1113)
4(983 994 1115 1104)
4(993 1114 1115 994)
4(1103 1104 1115 1114)
4(984 995 1116 1105)
4(994 1115 1116 995)
4(1104 1105 1116 1115)
4(985 996 1117 1106)
4(995 1116 1117 996)
4(1105 1106 1117 1116)
4(986 997 1118 1107)
4(996 1117 1118 997)
4(1106 1107 1118 1117)
4(987 998 1119 1108)
4(997 1118 1119 998)
4(1107 1108 1119 1118)
4(988 999 1120 1109)
4(998 1119 1120 999)
4(1108 1109 1120 1119)
4(999 1120 1121 1000)
4(1109 1110 1121 1120)
4(991 1002 1123 1112)
4(1001 1122 1123 1002)
4(1111 1112 1123 1122)
4(992 1003 1124 1113)
4(1002 1123 1124 1003)
4(1112 1113 1124 1123)
4(993 1004 1125 1114)
4(1003 1124 1125 1004)
4(1113 1114 1125 1124)
4(994 1005 1126 1115)
4(1004 1125 1126 1005)
4(1114 1115 1126 1125)
4(995 1006 1127 1116)
4(1005 1126 1127 1006)
4(1115 1116 1127 1126)
4(996 1007 1128 1117)
4(1006 1127 1128 1007)
4(1116 1117 1128 1127)
4(997 1008 1129 1118)
4(1007 1128 1129 1008)
4(1117 1118 1129 1128)
4(998 1009 1130 1119)
4(1008 1129 1130 1009)
4(1118 1119 1130 1129)
4(999 1010 1131 1120)
4(1009 1130 1131 1010)
4(1119 1120 1131 1130)
4(1010 1131 1132 1011)
4(1120 1121 1132 1131)
4(1002 1013 1134 1123)
4(1012 1133 1134 1013)
4(1122 1123 1134 1133)
4(1003 1014 1135 1124)
4(1013 1134 1135 1014)
4(1123 1124 1135 1134)
4(1004 1015 1136 1125)
4(1014 1135 1136 1015)
4(1124 1125 1136 1135)
4(1005 1016 1137 1126)
4(1015 1136 1137 1016)
4(1125 1126 1137 1136)
4(1006 1017 1138 1127)
4(1016 1137 1138 1017)
4(1126 1127 1138 1137)
4(1007 1018 1139 1128)
4(1017 1138 1139 1018)
4(1127 1128 1139 1138)
4(1008 1019 1140 1129)
4(1018 1139 1140 1019)
4(1128 1129 1140 1139)
4(1009 1020 1141 1130)
4(1019 1140 1141 1020)
4(1129 1130 1141 1140)
4(1010 1021 1142 1131)
4(1020 1141 1142 1021)
4(1130 1131 1142 1141)
4(1021 1142 1143 1022)
4(1131 1132 1143 1142)
4(1013 1024 1145 1134)
4(1023 1144 1145 1024)
4(1133 1134 1145 1144)
4(1014 1025 1146 1135)
4(1024 1145 1146 1025)
4(1134 1135 1146 1145)
4(1015 1026 1147 1136)
4(1025 1146 1147 1026)
4(1135 1136 1147 1146)
4(1016 1027 1148 1137)
4(1026 1147 1148 1027)
4(1136 1137 1148 1147)
4(1017 1028 1149 1138)
4(1027 1148 1149 1028)
4(1137 1138 1149 1148)
4(1018 1029 1150 1139)
4(1028 1149 1150 1029)
4(1138 1139 1150 1149)
4(1019 1030 1151 1140)
4(1029 1150 1151 1030)
4(1139 1140 1151 1150)
4(1020 1031 1152 1141)
4(1030 1151 1152 1031)
4(1140 1141 1152 1151)
4(1021 1032 1153 1142)
4(1031 1152 1153 1032)
4(1141 1142 1153 1152)
4(1032 1153 1154 1033)
4(1142 1143 1154 1153)
4(1024 1035 1156 1145)
4(1034 1155 1156 1035)
4(1144 1145 1156 1155)
4(1025 1036 1157 1146)
4(1035 1156 1157 1036)
4(1145 1146 1157 1156)
4(1026 1037 1158 1147)
4(1036 1157 1158 1037)
4(1146 1147 1158 1157)
4(1027 1038 1159 1148)
4(1037 1158 1159 1038)
4(1147 1148 1159 1158)
4(1028 1039 1160 1149)
4(1038 1159 1160 1039)
4(1148 1149 1160 1159)
4(1029 1040 1161 1150)
4(1039 1160 1161 1040)
4(1149 1150 1161 1160)
4(1030 1041 1162 1151)
4(1040 1161 1162 1041)
4(1150 1151 1162 1161)
4(1031 1042 1163 1152)
4(1041 1162 1163 1042)
4(1151 1152 1163 1162)
4(1032 1043 1164 1153)
4(1042 1163 1164 1043)
4(1152 1153 1164 1163)
4(1043 1164 1165 1044)
4(1153 1154 1165 1164)
4(1035 1046 1167 1156)
4(1045 1166 1167 1046)
4(1155 1156 1167 1166)
4(1036 1047 1168 1157)
4(1046 1167 1168 1047)
4(1156 1157 1168 1167)
4(1037 1048 1169 1158)
4(1047 1168 1169 1048)
4(1157 1158 1169 1168)
4(1038 1049 1170 1159)
4(1048 1169 1170 1049)
4(1158 1159 1170 1169)
4(1039 1050 1171 1160)
4(1049 1170 1171 1050)
4(1159 1160 1171 1170)
4(1040 1051 1172 1161)
4(1050 1171 1172 1051)
4(1160 1161 1172 1171)
4(1041 1052 1173 1162)
4(1051 1172 1173 1052)
4(1161 1162 1173 1172)
4(1042 1053 1174 1163)
4(1052 1173 1174 1053)
4(1162 1163 1174 1173)
4(1043 1054 1175 1164)
4(1053 1174 1175 1054)
4(1163 1164 1175 1174)
4(1054 1175 1176 1055)
4(1164 1165 1176 1175)
4(1046 1057 1178 1167)
4(1056 1177 1178 1057)
4(1166 1167 1178 1177)
4(1047 1058 1179 1168)
4(1057 1178 1179 1058)
4(1167 1168 1179 1178)
4(1048 1059 1180 1169)
4(1058 1179 1180 1059)
4(1168 1169 1180 1179)
4(1049 1060 1181 1170)
4(1059 1180 1181 1060)
4(1169 1170 1181 1180)
4(1050 1061 1182 1171)
4(1060 1181 1182 1061)
4(1170 1171 1182 1181)
4(1051 1062 1183 1172)
4(1061 1182 1183 1062)
4(1171 1172 1183 1182)
4(1052 1063 1184 1173)
4(1062 1183 1184 1063)
4(1172 1173 1184 1183)
4(1053 1064 1185 1174)
4(1063 1184 1185 1064)
4(1173 1174 1185 1184)
4(1054 1065 1186 1175)
4(1064 1185 1186 1065)
4(1174 1175 1186 1185)
4(1065 1186 1187 1066)
4(1175 1176 1187 1186)
4(1057 1068 1189 1178)
4(1067 1188 1189 1068)
4(1177 1178 1189 1188)
4(1058 1069 1190 1179)
4(1068 1189 1190 1069)
4(1178 1179 1190 1189)
4(1059 1070 1191 1180)
4(1069 1190 1191 1070)
4(1179 1180 1191 1190)
4(1060 1071 1192 1181)
4(1070 1191 1192 1071)
4(1180 1181 1192 1191)
4(1061 1072 1193 1182)
4(1071 1192 1193 1072)
4(1181 1182 1193 1192)
4(1062 1073 1194 1183)
4(1072 1193 1194 1073)
4(1182 1183 1194 1193)
4(1063 1074 1195 1184)
4(1073 1194 1195 1074)
4(1183 1184 1195 1194)
4(1064 1075 1196 1185)
4(1074 1195 1196 1075)
4(1184 1185 1196 1195)
4(1065 1076 1197 1186)
4(1075 1196 1197 1076)
4(1185 1186 1197 1196)
4(1076 1197 1198 1077)
4(1186 1187 1198 1197)
4(1068 1079 1200 1189)
4(1188 1189 1200 1199)
4(1069 1080 1201 1190)
4(1189 1190 1201 1200)
4(1070 1081 1202 1191)
4(1190 1191 1202 1201)
4(1071 1082 1203 1192)
4(1191 1192 1203 1202)
4(1072 1083 1204 1193)
4(1192 1193 1204 1203)
4(1073 1084 1205 1194)
4(1193 1194 1205 1204)
4(1074 1085 1206 1195)
4(1194 1195 1206 1205)
4(1075 1086 1207 1196)
4(1195 1196 1207 1206)
4(1076 1087 1208 1197)
4(1196 1197 1208 1207)
4(1197 1198 1209 1208)
4(1090 1101 1222 1211)
4(1100 1221 1222 1101)
4(1091 1102 1223 1212)
4(1101 1222 1223 1102)
4(1092 1103 1224 1213)
4(1102 1223 1224 1103)
4(1093 1104 1225 1214)
4(1103 1224 1225 1104)
4(1094 1105 1226 1215)
4(1104 1225 1226 1105)
4(1095 1106 1227 1216)
4(1105 1226 1227 1106)
4(1096 1107 1228 1217)
4(1106 1227 1228 1107)
4(1097 1108 1229 1218)
4(1107 1228 1229 1108)
4(1098 1109 1230 1219)
4(1108 1229 1230 1109)
4(1109 1230 1231 1110)
4(1101 1112 1233 1222)
4(1111 1232 1233 1112)
4(1102 1113 1234 1223)
4(1112 1233 1234 1113)
4(1103 1114 1235 1224)
4(1113 1234 1235 1114)
4(1104 1115 1236 1225)
4(1114 1235 1236 1115)
4(1105 1116 1237 1226)
4(1115 1236 1237 1116)
4(1106 1117 1238 1227)
4(1116 1237 1238 1117)
4(1107 1118 1239 1228)
4(1117 1238 1239 1118)
4(1108 1119 1240 1229)
4(1118 1239 1240 1119)
4(1109 1120 1241 1230)
4(1119 1240 1241 1120)
4(1120 1241 1242 1121)
4(1112 1123 1244 1233)
4(1122 1243 1244 1123)
4(1113 1124 1245 1234)
4(1123 1244 1245 1124)
4(1114 1125 1246 1235)
4(1124 1245 1246 1125)
4(1115 1126 1247 1236)
4(1125 1246 1247 1126)
4(1116 1127 1248 1237)
4(1126 1247 1248 1127)
4(1117 1128 1249 1238)
4(1127 1248 1249 1128)
4(1118 1129 1250 1239)
4(1128 1249 1250 1129)
4(1119 1130 1251 1240)
4(1129 1250 1251 1130)
4(1120 1131 1252 1241)
4(1130 1251 1252 1131)
4(1131 1252 1253 1132)
4(1123 1134 1255 1244)
4(1133 1254 1255 1134)
4(1124 1135 1256 1245)
4(1134 1255 1256 1135)
4(1125 1136 1257 1246)
4(1135 1256 1257 1136)
4(1126 1137 1258 1247)
4(1136 1257 1258 1137)
4(1127 1138 1259 1248)
4(1137 1258 1259 1138)
4(1128 1139 1260 1249)
4(1138 1259 1260 1139)
4(1129 1140 1261 1250)
4(1139 1260 1261 1140)
4(1130 1141 1262 1251)
4(1140 1261 1262 1141)
4(1131 1142 1263 1252)
4(1141 1262 1263 1142)
4(1142 1263 1264 1143)
4(1134 1145 1266 1255)
4(1144 1265 1266 1145)
4(1135 1146 1267 1256)
4(1145 1266 1267 1146)
4(1136 1147 1268 1257)
4(1146 1267 1268 1147)
4(1137 1148 1269 1258)
4(1147 1268 1269 1148)
4(1138 1149 1270 1259)
4(1148 1269 1270 1149)
4(1139 1150 1271 1260)
4(1149 1270 1271 1150)
4(1140 1151 1272 1261)
4(1150 1271 1272 1151)
4(1141 1152 1273 1262)
4(1151 1272 1273 1152)
4(1142 1153 1274 1263)
4(1152 1273 1274 1153)
4(1153 1274 1275 1154)
4(1145 1156 1277 1266)
4(1155 1276 1277 1156)
4(1146 1157 1278 1267)
4(1156 1277 1278 1157)
4(1147 1158 1279 1268)
4(1157 1278 1279 1158)
4(1148 1159 1280 1269)
4(1158 1279 1280 1159)
4(1149 1160 1281 1270)
4(1159 1280 1281 1160)
4(1150 1161 1282 1271)
4(1160 1281 1282 1161)
4(1151 1162 1283 1272)
4(1161 1282 1283 1162)
4(1152 1163 1284 1273)
4(1162 1283 1284 1163)
4(1153 1164 1285 1274)
4(1163 1284 1285 1164)
4(1164 1285 1286 1165)
4(1156 1167 1288 1277)
4(1166 1287 1288 1167)
4(1157 1168 1289 1278)
4(1167 1288 1289 1168)
4(1158 1169 1290 1279)
4(1168 1289 1290 1169)
4(1159 1170 1291 1280)
4(1169 1290 1291 1170)
4(1160 1171 1292 1281)
4(1170 1291 1292 1171)
4(1161 1172 1293 1282)
4(1171 1292 1293 1172)
4(1162 1173 1294 1283)
4(1172 1293 1294 1173)
4(1163 1174 1295 1284)
4(1173 1294 1295 1174)
4(1164 1175 1296 1285)
4(1174 1295 1296 1175)
4(1175 1296 1297 1176)
4(1167 1178 1299 1288)
4(1177 1298 1299 1178)
4(1168 1179 1300 1289)
4(1178 1299 1300 1179)
4(1169 1180 1301 1290)
4(1179 1300 1301 1180)
4(1170 1181 1302 1291)
4(1180 1301 1302 1181)
4(1171 1182 1303 1292)
4(1181 1302 1303 1182)
4(1172 1183 1304 1293)
4(1182 1303 1304 1183)
4(1173 1184 1305 1294)
4(1183 1304 1305 1184)
4(1174 1185 1306 1295)
4(1184 1305 1306 1185)
4(1175 1186 1307 1296)
4(1185 1306 1307 1186)
4(1186 1307 1308 1187)
4(1178 1189 1310 1299)
4(1188 1309 1310 1189)
4(1179 1190 1311 1300)
4(1189 1310 1311 1190)
4(1180 1191 1312 1301)
4(1190 1311 1312 1191)
4(1181 1192 1313 1302)
4(1191 1312 1313 1192)
4(1182 1193 1314 1303)
4(1192 1313 1314 1193)
4(1183 1194 1315 1304)
4(1193 1314 1315 1194)
4(1184 1195 1316 1305)
4(1194 1315 1316 1195)
4(1185 1196 1317 1306)
4(1195 1316 1317 1196)
4(1186 1197 1318 1307)
4(1196 1317 1318 1197)
4(1197 1318 1319 1198)
4(1189 1200 1321 1310)
4(1190 1201 1322 1311)
4(1191 1202 1323 1312)
4(1192 1203 1324 1313)
4(1193 1204 1325 1314)
4(1194 1205 1326 1315)
4(1195 1206 1327 1316)
4(1196 1207 1328 1317)
4(1197 1208 1329 1318)
4(0 11 12 1)
4(11 22 23 12)
4(22 33 34 23)
4(33 44 45 34)
4(44 55 56 45)
4(55 66 67 56)
4(66 77 78 67)
4(77 88 89 78)
4(88 99 100 89)
4(99 110 111 100)
4(1 12 13 2)
4(12 23 24 13)
4(23 34 35 24)
4(34 45 46 35)
4(45 56 57 46)
4(56 67 68 57)
4(67 78 79 68)
4(78 89 90 79)
4(89 100 101 90)
4(100 111 112 101)
4(2 13 14 3)
4(13 24 25 14)
4(24 35 36 25)
4(35 46 47 36)
4(46 57 58 47)
4(57 68 69 58)
4(68 79 80 69)
4(79 90 91 80)
4(90 101 102 91)
4(101 112 113 102)
4(3 14 15 4)
4(14 25 26 15)
4(25 36 37 26)
4(36 47 48 37)
4(47 58 59 48)
4(58 69 70 59)
4(69 80 81 70)
4(80 91 92 81)
4(91 102 103 92)
4(102 113 114 103)
4(4 15 16 5)
4(15 26 27 16)
4(26 37 38 27)
4(37 48 49 38)
4(48 59 60 49)
4(59 70 71 60)
4(70 81 82 71)
4(81 92 93 82)
4(92 103 104 93)
4(103 114 115 104)
4(5 16 17 6)
4(16 27 28 17)
4(27 38 39 28)
4(38 49 50 39)
4(49 60 61 50)
4(60 71 72 61)
4(71 82 83 72)
4(82 93 94 83)
4(93 104 105 94)
4(104 115 116 105)
4(6 17 18 7)
4(17 28 29 18)
4(28 39 40 29)
4(39 50 51 40)
4(50 61 62 51)
4(61 72 73 62)
4(72 83 84 73)
4(83 94 95 84)
4(94 105 106 95)
4(105 116 117 106)
4(7 18 19 8)
4(18 29 30 19)
4(29 40 41 30)
4(40 51 52 41)
4(51 62 63 52)
4(62 73 74 63)
4(73 84 85 74)
4(84 95 96 85)
4(95 106 107 96)
4(106 117 118 107)
4(8 19 20 9)
4(19 30 31 20)
4(30 41 42 31)
4(41 52 53 42)
4(52 63 64 53)
4(63 74 75 64)
4(74 85 86 75)
4(85 96 97 86)
4(96 107 108 97)
4(107 118 119 108)
4(9 20 21 10)
4(20 31 32 21)
4(31 42 43 32)
4(42 53 54 43)
4(53 64 65 54)
4(64 75 76 65)
4(75 86 87 76)
4(86 97 98 87)
4(97 108 109 98)
4(108 119 120 109)
4(1210 1211 1222 1221)
4(1221 1222 1233 1232)
4(1232 1233 1244 1243)
4(1243 1244 1255 1254)
4(1254 1255 1266 1265)
4(1265 1266 1277 1276)
4(1276 1277 1288 1287)
4(1287 1288 1299 1298)
4(1298 1299 1310 1309)
4(1309 1310 1321 1320)
4(1211 1212 1223 1222)
4(1222 1223 1234 1233)
4(1233 1234 1245 1244)
4(1244 1245 1256 1255)
4(1255 1256 1267 1266)
4(1266 1267 1278 1277)
4(1277 1278 1289 1288)
4(1288 1289 1300 1299)
4(1299 1300 1311 1310)
4(1310 1311 1322 1321)
4(1212 1213 1224 1223)
4(1223 1224 1235 1234)
4(1234 1235 1246 1245)
4(1245 1246 1257 1256)
4(1256 1257 1268 1267)
4(1267 1268 1279 1278)
4(1278 1279 1290 1289)
4(1289 1290 1301 1300)
4(1300 1301 1312 1311)
4(1311 1312 1323 1322)
4(1213 1214 1225 1224)
4(1224 1225 1236 1235)
4(1235 1236 1247 1246)
4(1246 1247 1258 1257)
4(1257 1258 1269 1268)
4(1268 1269 1280 1279)
4(1279 1280 1291 1290)
4(1290 1291 1302 1301)
4(1301 1302 1313 1312)
4(1312 1313 1324 1323)
4(1214 1215 1226 1225)
4(1225 1226 1237 1236)
4(1236 1237 1248 1247)
4(1247 1248 1259 1258)
4(1258 1259 1270 1269)
4(1269 1270 1281 1280)
4(1280 1281 1292 1291)
4(1291 1292 1303 1302)
4(1302 1303 1314 1313)
4(1313 1314 1325 1324)
4(1215 1216 1227 1226)
4(1226 1227 1238 1237)
4(1237 1238 1249 1248)
4(1248 1249 1260 1259)
4(1259 1260 1271 1270)
4(1270 1271 1282 1281)
4(1281 1282 1293 1292)
4(1292 1293 1304 1303)
4(1303 1304 1315 1314)
4(1314 1315 1326 1325)
4(1216 1217 1228 1227)
4(1227 1228 1239 1238)
4(1238 1239 1250 1249)
4(1249 1250 1261 1260)
4(1260 1261 1272 1271)
4(1271 1272 1283 1282)
4(1282 1283 1294 1293)
4(1293 1294 1305 1304)
4(1304 1305 1316 1315)
4(1315 1316 1327 1326)
4(1217 1218 1229 1228)
4(1228 1229 1240 1239)
4(1239 1240 1251 1250)
4(1250 1251 1262 1261)
4(1261 1262 1273 1272)
4(1272 1273 1284 1283)
4(1283 1284 1295 1294)
4(1294 1295 1306 1305)
4(1305 1306 1317 1316)
4(1316 1317 1328 1327)
4(1218 1219 1230 1229)
4(1229 1230 1241 1240)
4(1240 1241 1252 1251)
4(1251 1252 1263 1262)
4(1262 1263 1274 1273)
4(1273 1274 1285 1284)
4(1284 1285 1296 1295)
4(1295 1296 1307 1306)
4(1306 1307 1318 1317)
4(1317 1318 1329 1328)
4(1219 1220 1231 1230)
4(1230 1231 1242 1241)
4(1241 1242 1253 1252)
4(1252 1253 1264 1263)
4(1263 1264 1275 1274)
4(1274 1275 1286 1285)
4(1285 1286 1297 1296)
4(1296 1297 1308 1307)
4(1307 1308 1319 1318)
4(1318 1319 1330 1329)
4(0 1 122 121)
4(121 122 243 242)
4(242 243 364 363)
4(363 364 485 484)
4(484 485 606 605)
4(605 606 727 726)
4(726 727 848 847)
4(847 848 969 968)
4(968 969 1090 1089)
4(1089 1090 1211 1210)
4(1 2 123 122)
4(122 123 244 243)
4(243 244 365 364)
4(364 365 486 485)
4(485 486 607 606)
4(606 607 728 727)
4(727 728 849 848)
4(848 849 970 969)
4(969 970 1091 1090)
4(1090 1091 1212 1211)
4(2 3 124 123)
4(123 124 245 244)
4(244 245 366 365)
4(365 366 487 486)
4(486 487 608 607)
4(607 608 729 728)
4(728 729 850 849)
4(849 850 971 970)
4(970 971 1092 1091)
4(1091 1092 1213 1212)
4(3 4 125 124)
4(124 125 246 245)
4(245 246 367 366)
4(366 367 488 487)
4(487 488 609 608)
4(608 609 730 729)
4(729 730 851 850)
4(850 851 972 971)
4(971 972 1093 1092)
4(1092 1093 1214 1213)
4(4 5 126 125)
4(125 126 247 246)
4(246 247 368 367)
4(367 368 489 488)
4(488 489 610 609)
4(609 610 731 730)
4(730 731 852 851)
4(851 852 973 972)
4(972 973 1094 1093)
4(1093 1094 1215 1214)
4(5 6 127 126)
4(126 127 248 247)
4(247 248 369 368)
4(368 369 490 489)
4(489 490 611 610)
4(610 611 732 731)
4(731 732 853 852)
4(852 853 974 973)
4(973 974 1095 1094)
4(1094 1095 1216 1215)
4(6 7 128 127)
4(127 128 249 248)
4(248 249 370 369)
4(369 370 491 490)
4(490 491 612 611)
4(611 612 733 732)
4(732 733 854 853)
4(853 854 975 974)
4(974 975 1096 1095)
4(1095 1096 1217 1216)
4(7 8 129 128)
4(128 129 250 249)
4(249 250 371 370)
4(370 371 492 491)
4(491 492 613 612)
4(612 613 734 733)
4(733 734 855 854)
4(854 855 976 975)
4(975 976 1097 1096)
4(1096 1097 1218 1217)
4(8 9 130 129)
4(129 130 251 250)
4(250 251 372 371)
4(371 372 493 492)
4(492 493 614 613)
4(613 614 735 734)
4(734 735 856 855)
4(855 856 977 976)
4(976 977 1098 1097)
4(1097 1098 1219 1218)
4(9 10 131 130)
4(130 131 252 251)
4(251 252 373 372)
4(372 373 494 493)
4(493 494 615 614)
4(614 615 736 735)
4(735 736 857 856)
4(856 857 978 977)
4(977 978 1099 1098)
4(1098 1099 1220 1219)
4(110 231 232 111)
4(231 352 353 232)
4(352 473 474 353)
4(473 594 595 474)
4(594 715 716 595)
4(715 836 837 716)
4(836 957 958 837)
4(957 1078 1079 958)
4(1078 1199 1200 1079)
4(1199 1320 1321 1200)
4(111 232 233 112)
4(232 353 354 233)
4(353 474 475 354)
4(474 595 596 475)
4(595 716 717 596)
4(716 837 838 717)
4(837 958 959 838)
4(958 1079 1080 959)
4(1079 1200 1201 1080)
4(1200 1321 1322 1201)
4(112 233 234 113)
4(233 354 355 234)
4(354 475 476 355)
4(475 596 597 476)
4(596 717 718 597)
4(717 838 839 718)
4(838 959 960 839)
4(959 1080 1081 960)
4(1080 1201 1202 1081)
4(1201 1322 1323 1202)
4(113 234 235 114)
4(234 355 356 235)
4(355 476 477 356)
4(476 597 598 477)
4(597 718 719 598)
4(718 839 840 719)
4(839 960 961 840)
4(960 1081 1082 961)
4(1081 1202 1203 1082)
4(1202 1323 1324 1203)
4(114 235 236 115)
4(235 356 357 236)
4(356 477 478 357)
4(477 598 599 478)
4(598 719 720 599)
4(719 840 841 720)
4(840 961 962 841)
4(961 1082 1083 962)
4(1082 1203 1204 1083)
4(1203 1324 1325 1204)
4(115 236 237 116)
4(236 357 358 237)
4(357 478 479 358)
4(478 599 600 479)
4(599 720 721 600)
4(720 841 842 721)
4(841 962 963 842)
4(962 1083 1084 963)
4(1083 1204 1205 1084)
4(1204 1325 1326 1205)
4(116 237 238 117)
4(237 358 359 238)
4(358 479 480 359)
4(479 600 601 480)
4(600 721 722 601)
4(721 842 843 722)
4(842 963 964 843)
4(963 1084 1085 964)
4(1084 1205 1206 1085)
4(1205 1326 1327 1206)
4(117 238 239 118)
4(238 359 360 239)
4(359 480 481 360)
4(480 601 602 481)
4(601 722 723 602)
4(722 843 844 723)
4(843 964 965 844)
4(964 1085 1086 965)
4(1085 1206 1207 1086)
4(1206 1327 1328 1207)
4(118 239 240 119)
4(239 360 361 240)
4(360 481 482 361)
4(481 602 603 482)
4(602 723 724 603)
4(723 844 845 724)
4(844 965 966 845)
4(965 1086 1087 966)
4(1086 1207 1208 1087)
4(1207 1328 1329 1208)
4(119 240 241 120)
4(240 361 362 241)
4(361 482 483 362)
4(482 603 604 483)
4(603 724 725 604)
4(724 845 846 725)
4(845 966 967 846)
4(966 1087 1088 967)
4(1087 1208 1209 1088)
4(1208 1329 1330 1209)
4(10 21 142 131)
4(21 32 153 142)
4(32 43 164 153)
4(43 54 175 164)
4(54 65 186 175)
4(65 76 197 186)
4(76 87 208 197)
4(87 98 219 208)
4(98 109 230 219)
4(109 120 241 230)
4(131 142 263 252)
4(142 153 274 263)
4(153 164 285 274)
4(164 175 296 285)
4(175 186 307 296)
4(186 197 318 307)
4(197 208 329 318)
4(208 219 340 329)
4(219 230 351 340)
4(230 241 362 351)
4(252 263 384 373)
4(263 274 395 384)
4(274 285 406 395)
4(285 296 417 406)
4(296 307 428 417)
4(307 318 439 428)
4(318 329 450 439)
4(329 340 461 450)
4(340 351 472 461)
4(351 362 483 472)
4(373 384 505 494)
4(384 395 516 505)
4(395 406 527 516)
4(406 417 538 527)
4(417 428 549 538)
4(428 439 560 549)
4(439 450 571 560)
4(450 461 582 571)
4(461 472 593 582)
4(472 483 604 593)
4(494 505 626 615)
4(505 516 637 626)
4(516 527 648 637)
4(527 538 659 648)
4(538 549 670 659)
4(549 560 681 670)
4(560 571 692 681)
4(571 582 703 692)
4(582 593 714 703)
4(593 604 725 714)
4(615 626 747 736)
4(626 637 758 747)
4(637 648 769 758)
4(648 659 780 769)
4(659 670 791 780)
4(670 681 802 791)
4(681 692 813 802)
4(692 703 824 813)
4(703 714 835 824)
4(714 725 846 835)
4(736 747 868 857)
4(747 758 879 868)
4(758 769 890 879)
4(769 780 901 890)
4(780 791 912 901)
4(791 802 923 912)
4(802 813 934 923)
4(813 824 945 934)
4(824 835 956 945)
4(835 846 967 956)
4(857 868 989 978)
4(868 879 1000 989)
4(879 890 1011 1000)
4(890 901 1022 1011)
4(901 912 1033 1022)
4(912 923 1044 1033)
4(923 934 1055 1044)
4(934 945 1066 1055)
4(945 956 1077 1066)
4(956 967 1088 1077)
4(978 989 1110 1099)
4(989 1000 1121 1110)
4(1000 1011 1132 1121)
4(1011 1022 1143 1132)
4(1022 1033 1154 1143)
4(1033 1044 1165 1154)
4(1044 1055 1176 1165)
4(1055 1066 1187 1176)
4(1066 1077 1198 1187)
4(1077 1088 1209 1198)
4(1099 1110 1231 1220)
4(1110 1121 1242 1231)
4(1121 1132 1253 1242)
4(1132 1143 1264 1253)
4(1143 1154 1275 1264)
4(1154 1165 1286 1275)
4(1165 1176 1297 1286)
4(1176 1187 1308 1297)
4(1187 1198 1319 1308)
4(1198 1209 1330 1319)
4(0 121 132 11)
4(11 132 143 22)
4(22 143 154 33)
4(33 154 165 44)
4(44 165 176 55)
4(55 176 187 66)
4(66 187 198 77)
4(77 198 209 88)
4(88 209 220 99)
4(99 220 231 110)
4(121 242 253 132)
4(132 253 264 143)
4(143 264 275 154)
4(154 275 286 165)
4(165 286 297 176)
4(176 297 308 187)
4(187 308 319 198)
4(198 319 330 209)
4(209 330 341 220)
4(220 341 352 231)
4(242 363 374 253)
4(253 374 385 264)
4(264 385 396 275)
4(275 396 407 286)
4(286 407 418 297)
4(297 418 429 308)
4(308 429 440 319)
4(319 440 451 330)
4(330 451 462 341)
4(341 462 473 352)
4(363 484 495 374)
4(374 495 506 385)
4(385 506 517 396)
4(396 517 528 407)
4(407 528 539 418)
4(418 539 550 429)
4(429 550 561 440)
4(440 561 572 451)
4(451 572 583 462)
4(462 583 594 473)
4(484 605 616 495)
4(495 616 627 506)
4(506 627 638 517)
4(517 638 649 528)
4(528 649 660 539)
4(539 660 671 550)
4(550 671 682 561)
4(561 682 693 572)
4(572 693 704 583)
4(583 704 715 594)
4(605 726 737 616)
4(616 737 748 627)
4(627 748 759 638)
4(638 759 770 649)
4(649 770 781 660)
4(660 781 792 671)
4(671 792 803 682)
4(682 803 814 693)
4(693 814 825 704)
4(704 825 836 715)
4(726 847 858 737)
4(737 858 869 748)
4(748 869 880 759)
4(759 880 891 770)
4(770 891 902 781)
4(781 902 913 792)
4(792 913 924 803)
4(803 924 935 814)
4(814 935 946 825)
4(825 946 957 836)
4(847 968 979 858)
4(858 979 990 869)
4(869 990 1001 880)
4(880 1001 1012 891)
4(891 1012 1023 902)
4(902 1023 1034 913)
4(913 1034 1045 924)
4(924 1045 1056 935)
4(935 1056 1067 946)
4(946 1067 1078 957)
4(968 1089 1100 979)
4(979 1100 1111 990)
4(990 1111 1122 1001)
4(1001 1122 1133 1012)
4(1012 1133 1144 1023)
4(1023 1144 1155 1034)
4(1034 1155 1166 1045)
4(1045 1166 1177 1056)
4(1056 1177 1188 1067)
4(1067 1188 1199 1078)
4(1089 1210 1221 1100)
4(1100 1221 1232 1111)
4(1111 1232 1243 1122)
4(1122 1243 1254 1133)
4(1133 1254 1265 1144)
4(1144 1265 1276 1155)
4(1155 1276 1287 1166)
4(1166 1287 1298 1177)
4(1177 1298 1309 1188)
4(1188 1309 1320 1199)
)


// ************************************************************************* //
