
functions
{

    probes
    {

        functionObjectLibs		("libsampling.so");

        type		probes;

        name		probes;

        fields		(p U);

        probeLocations		((1.1537396907806396 2.916062068194151 0.10197123885154724) (1.1537396907806396 2.916062068194151 0.30591374635696411) (1.1537396907806396 2.916062068194151 0.50985622406005859) (1.1537396907806396 2.916062068194151 0.7137986421585083) (1.1537396907806396 2.916062068194151 0.91774111986160278) (1.1537396907806396 2.916062068194151 1.1216835975646973) (1.1537396907806396 2.916062068194151 1.325626015663147) (1.1537396907806396 2.916062068194151 1.5295684337615967) (1.1537396907806396 2.916062068194151 1.7335110902786255) (1.1537396907806396 2.916062068194151 1.9374533891677856) (1.1537396907806396 2.916062068194151 2.1413960456848145) (1.1537396907806396 2.916062068194151 2.3453383445739746) (1.1537396907806396 2.916062068194151 2.549280881881714) (1.1537396907806396 2.916062068194151 2.753223180770874) (1.1537396907806396 2.916062068194151 2.9571657180786133) (1.1537396907806396 2.916062068194151 3.1611084938049316) (1.1537396907806396 2.916062068194151 3.365050792694092) (1.1537396907806396 2.916062068194151 3.568993091583252) (1.1537396907806396 2.916062068194151 3.772935628890991) (1.1537396907806396 2.916062068194151 3.9768781661987305) (1.1537396907806396 2.916062068194151 4.180820941925049) (1.1537396907806396 2.916062068194151 4.384763240814209) (1.1537396907806396 2.916062068194151 4.588705539703369) (1.1537396907806396 2.916062068194151 4.7926483154296875) (1.1537396907806396 2.916062068194151 4.996590614318848) (1.1537396907806396 2.916062068194151 5.200532913208008) (1.1537396907806396 2.916062068194151 5.404475212097168) (1.1537396907806396 2.916062068194151 5.608417987823486) (1.1537396907806396 2.916062068194151 5.812359809875488) (1.3566597700119019 2.916062068194151 0.10197123885154724) (1.3566597700119019 2.916062068194151 0.30591374635696411) (1.3566597700119019 2.916062068194151 0.50985622406005859) (1.3566597700119019 2.916062068194151 0.7137986421585083) (1.3566597700119019 2.916062068194151 0.91774111986160278) (1.3566597700119019 2.916062068194151 1.1216835975646973) (1.3566597700119019 2.916062068194151 1.325626015663147) (1.3566597700119019 2.916062068194151 1.5295684337615967) (1.3566597700119019 2.916062068194151 1.7335110902786255) (1.3566597700119019 2.916062068194151 1.9374533891677856) (1.3566597700119019 2.916062068194151 2.1413960456848145) (1.3566597700119019 2.916062068194151 2.3453383445739746) (1.3566597700119019 2.916062068194151 2.549280881881714) (1.3566597700119019 2.916062068194151 2.753223180770874) (1.3566597700119019 2.916062068194151 2.9571657180786133) (1.3566597700119019 2.916062068194151 3.1611084938049316) (1.3566597700119019 2.916062068194151 3.365050792694092) (1.3566597700119019 2.916062068194151 3.568993091583252) (1.3566597700119019 2.916062068194151 3.772935628890991) (1.3566597700119019 2.916062068194151 3.9768781661987305) (1.3566597700119019 2.916062068194151 4.180820941925049) (1.3566597700119019 2.916062068194151 4.384763240814209) (1.3566597700119019 2.916062068194151 4.588705539703369) (1.3566597700119019 2.916062068194151 4.7926483154296875) (1.3566597700119019 2.916062068194151 4.996590614318848) (1.3566597700119019 2.916062068194151 5.200532913208008) (1.3566597700119019 2.916062068194151 5.404475212097168) (1.3566597700119019 2.916062068194151 5.608417987823486) (1.3566597700119019 2.916062068194151 5.812359809875488) (1.5595800876617432 2.916062068194151 0.10197123885154724) (1.5595800876617432 2.916062068194151 0.30591374635696411) (1.5595800876617432 2.916062068194151 0.50985622406005859) (1.5595800876617432 2.916062068194151 0.7137986421585083) (1.5595800876617432 2.916062068194151 0.91774111986160278) (1.5595800876617432 2.916062068194151 1.1216835975646973) (1.5595800876617432 2.916062068194151 1.325626015663147) (1.5595800876617432 2.916062068194151 1.5295684337615967) (1.5595800876617432 2.916062068194151 1.7335110902786255) (1.5595800876617432 2.916062068194151 1.9374533891677856) (1.5595800876617432 2.916062068194151 2.1413960456848145) (1.5595800876617432 2.916062068194151 2.3453383445739746) (1.5595800876617432 2.916062068194151 2.549280881881714) (1.5595800876617432 2.916062068194151 2.753223180770874) (1.5595800876617432 2.916062068194151 2.9571657180786133) (1.5595800876617432 2.916062068194151 3.1611084938049316) (1.5595800876617432 2.916062068194151 3.365050792694092) (1.5595800876617432 2.916062068194151 3.568993091583252) (1.5595800876617432 2.916062068194151 3.772935628890991) (1.5595800876617432 2.916062068194151 3.9768781661987305) (1.5595800876617432 2.916062068194151 4.180820941925049) (1.5595800876617432 2.916062068194151 4.384763240814209) (1.5595800876617432 2.916062068194151 4.588705539703369) (1.5595800876617432 2.916062068194151 4.7926483154296875) (1.5595800876617432 2.916062068194151 4.996590614318848) (1.5595800876617432 2.916062068194151 5.200532913208008) (1.5595800876617432 2.916062068194151 5.404475212097168) (1.5595800876617432 2.916062068194151 5.608417987823486) (1.5595800876617432 2.916062068194151 5.812359809875488) (1.7625001668930054 2.916062068194151 0.10197123885154724) (1.7625001668930054 2.916062068194151 0.30591374635696411) (1.7625001668930054 2.916062068194151 0.50985622406005859) (1.7625001668930054 2.916062068194151 0.7137986421585083) (1.7625001668930054 2.916062068194151 0.91774111986160278) (1.7625001668930054 2.916062068194151 1.1216835975646973) (1.7625001668930054 2.916062068194151 1.325626015663147) (1.7625001668930054 2.916062068194151 1.5295684337615967) (1.7625001668930054 2.916062068194151 1.7335110902786255) (1.7625001668930054 2.916062068194151 1.9374533891677856) (1.7625001668930054 2.916062068194151 2.1413960456848145) (1.7625001668930054 2.916062068194151 2.3453383445739746) (1.7625001668930054 2.916062068194151 2.549280881881714) (1.7625001668930054 2.916062068194151 2.753223180770874) (1.7625001668930054 2.916062068194151 2.9571657180786133) (1.7625001668930054 2.916062068194151 3.1611084938049316) (1.7625001668930054 2.916062068194151 3.365050792694092) (1.7625001668930054 2.916062068194151 3.568993091583252) (1.7625001668930054 2.916062068194151 3.772935628890991) (1.7625001668930054 2.916062068194151 3.9768781661987305) (1.7625001668930054 2.916062068194151 4.180820941925049) (1.7625001668930054 2.916062068194151 4.384763240814209) (1.7625001668930054 2.916062068194151 4.588705539703369) (1.7625001668930054 2.916062068194151 4.7926483154296875) (1.7625001668930054 2.916062068194151 4.996590614318848) (1.7625001668930054 2.916062068194151 5.200532913208008) (1.7625001668930054 2.916062068194151 5.404475212097168) (1.7625001668930054 2.916062068194151 5.608417987823486) (1.7625001668930054 2.916062068194151 5.812359809875488) (1.9654202461242676 2.916062068194151 0.10197123885154724) (1.9654202461242676 2.916062068194151 0.30591374635696411) (1.9654202461242676 2.916062068194151 0.50985622406005859) (1.9654202461242676 2.916062068194151 0.7137986421585083) (1.9654202461242676 2.916062068194151 0.91774111986160278) (1.9654202461242676 2.916062068194151 1.1216835975646973) (1.9654202461242676 2.916062068194151 1.325626015663147) (1.9654202461242676 2.916062068194151 1.5295684337615967) (1.9654202461242676 2.916062068194151 1.7335110902786255) (1.9654202461242676 2.916062068194151 1.9374533891677856) (1.9654202461242676 2.916062068194151 2.1413960456848145) (1.9654202461242676 2.916062068194151 2.3453383445739746) (1.9654202461242676 2.916062068194151 2.549280881881714) (1.9654202461242676 2.916062068194151 2.753223180770874) (1.9654202461242676 2.916062068194151 2.9571657180786133) (1.9654202461242676 2.916062068194151 3.1611084938049316) (1.9654202461242676 2.916062068194151 3.365050792694092) (1.9654202461242676 2.916062068194151 3.568993091583252) (1.9654202461242676 2.916062068194151 3.772935628890991) (1.9654202461242676 2.916062068194151 3.9768781661987305) (1.9654202461242676 2.916062068194151 4.180820941925049) (1.9654202461242676 2.916062068194151 4.384763240814209) (1.9654202461242676 2.916062068194151 4.588705539703369) (1.9654202461242676 2.916062068194151 4.7926483154296875) (1.9654202461242676 2.916062068194151 4.996590614318848) (1.9654202461242676 2.916062068194151 5.200532913208008) (1.9654202461242676 2.916062068194151 5.404475212097168) (1.9654202461242676 2.916062068194151 5.608417987823486) (1.9654202461242676 2.916062068194151 5.812359809875488) (2.1683406829833984 2.916062068194151 0.10197123885154724) (2.1683406829833984 2.916062068194151 0.30591374635696411) (2.1683406829833984 2.916062068194151 0.50985622406005859) (2.1683406829833984 2.916062068194151 0.7137986421585083) (2.1683406829833984 2.916062068194151 0.91774111986160278) (2.1683406829833984 2.916062068194151 1.1216835975646973) (2.1683406829833984 2.916062068194151 1.325626015663147) (2.1683406829833984 2.916062068194151 1.5295684337615967) (2.1683406829833984 2.916062068194151 1.7335110902786255) (2.1683406829833984 2.916062068194151 1.9374533891677856) (2.1683406829833984 2.916062068194151 2.1413960456848145) (2.1683406829833984 2.916062068194151 2.3453383445739746) (2.1683406829833984 2.916062068194151 2.549280881881714) (2.1683406829833984 2.916062068194151 2.753223180770874) (2.1683406829833984 2.916062068194151 2.9571657180786133) (2.1683406829833984 2.916062068194151 3.1611084938049316) (2.1683406829833984 2.916062068194151 3.365050792694092) (2.1683406829833984 2.916062068194151 3.568993091583252) (2.1683406829833984 2.916062068194151 3.772935628890991) (2.1683406829833984 2.916062068194151 3.9768781661987305) (2.1683406829833984 2.916062068194151 4.180820941925049) (2.1683406829833984 2.916062068194151 4.384763240814209) (2.1683406829833984 2.916062068194151 4.588705539703369) (2.1683406829833984 2.916062068194151 4.7926483154296875) (2.1683406829833984 2.916062068194151 4.996590614318848) (2.1683406829833984 2.916062068194151 5.200532913208008) (2.1683406829833984 2.916062068194151 5.404475212097168) (2.1683406829833984 2.916062068194151 5.608417987823486) (2.1683406829833984 2.916062068194151 5.812359809875488) (2.371260643005371 2.916062068194151 0.10197123885154724) (2.371260643005371 2.916062068194151 0.30591374635696411) (2.371260643005371 2.916062068194151 0.50985622406005859) (2.371260643005371 2.916062068194151 0.7137986421585083) (2.371260643005371 2.916062068194151 0.91774111986160278) (2.371260643005371 2.916062068194151 1.1216835975646973) (2.371260643005371 2.916062068194151 1.325626015663147) (2.371260643005371 2.916062068194151 1.5295684337615967) (2.371260643005371 2.916062068194151 1.7335110902786255) (2.371260643005371 2.916062068194151 1.9374533891677856) (2.371260643005371 2.916062068194151 2.1413960456848145) (2.371260643005371 2.916062068194151 2.3453383445739746) (2.371260643005371 2.916062068194151 2.549280881881714) (2.371260643005371 2.916062068194151 2.753223180770874) (2.371260643005371 2.916062068194151 2.9571657180786133) (2.371260643005371 2.916062068194151 3.1611084938049316) (2.371260643005371 2.916062068194151 3.365050792694092) (2.371260643005371 2.916062068194151 3.568993091583252) (2.371260643005371 2.916062068194151 3.772935628890991) (2.371260643005371 2.916062068194151 3.9768781661987305) (2.371260643005371 2.916062068194151 4.180820941925049) (2.371260643005371 2.916062068194151 4.384763240814209) (2.371260643005371 2.916062068194151 4.588705539703369) (2.371260643005371 2.916062068194151 4.7926483154296875) (2.371260643005371 2.916062068194151 4.996590614318848) (2.371260643005371 2.916062068194151 5.200532913208008) (2.371260643005371 2.916062068194151 5.404475212097168) (2.371260643005371 2.916062068194151 5.608417987823486) (2.371260643005371 2.916062068194151 5.812359809875488) (2.5741806030273438 2.916062068194151 0.10197123885154724) (2.5741806030273438 2.916062068194151 0.30591374635696411) (2.5741806030273438 2.916062068194151 0.50985622406005859) (2.5741806030273438 2.916062068194151 0.7137986421585083) (2.5741806030273438 2.916062068194151 0.91774111986160278) (2.5741806030273438 2.916062068194151 1.1216835975646973) (2.5741806030273438 2.916062068194151 1.325626015663147) (2.5741806030273438 2.916062068194151 1.5295684337615967) (2.5741806030273438 2.916062068194151 1.7335110902786255) (2.5741806030273438 2.916062068194151 1.9374533891677856) (2.5741806030273438 2.916062068194151 2.1413960456848145) (2.5741806030273438 2.916062068194151 2.3453383445739746) (2.5741806030273438 2.916062068194151 2.549280881881714) (2.5741806030273438 2.916062068194151 2.753223180770874) (2.5741806030273438 2.916062068194151 2.9571657180786133) (2.5741806030273438 2.916062068194151 3.1611084938049316) (2.5741806030273438 2.916062068194151 3.365050792694092) (2.5741806030273438 2.916062068194151 3.568993091583252) (2.5741806030273438 2.916062068194151 3.772935628890991) (2.5741806030273438 2.916062068194151 3.9768781661987305) (2.5741806030273438 2.916062068194151 4.180820941925049) (2.5741806030273438 2.916062068194151 4.384763240814209) (2.5741806030273438 2.916062068194151 4.588705539703369) (2.5741806030273438 2.916062068194151 4.7926483154296875) (2.5741806030273438 2.916062068194151 4.996590614318848) (2.5741806030273438 2.916062068194151 5.200532913208008) (2.5741806030273438 2.916062068194151 5.404475212097168) (2.5741806030273438 2.916062068194151 5.608417987823486) (2.5741806030273438 2.916062068194151 5.812359809875488) (2.7771010398864746 2.916062068194151 0.10197123885154724) (2.7771010398864746 2.916062068194151 0.30591374635696411) (2.7771010398864746 2.916062068194151 0.50985622406005859) (2.7771010398864746 2.916062068194151 0.7137986421585083) (2.7771010398864746 2.916062068194151 0.91774111986160278) (2.7771010398864746 2.916062068194151 1.1216835975646973) (2.7771010398864746 2.916062068194151 1.325626015663147) (2.7771010398864746 2.916062068194151 1.5295684337615967) (2.7771010398864746 2.916062068194151 1.7335110902786255) (2.7771010398864746 2.916062068194151 1.9374533891677856) (2.7771010398864746 2.916062068194151 2.1413960456848145) (2.7771010398864746 2.916062068194151 2.3453383445739746) (2.7771010398864746 2.916062068194151 2.549280881881714) (2.7771010398864746 2.916062068194151 2.753223180770874) (2.7771010398864746 2.916062068194151 2.9571657180786133) (2.7771010398864746 2.916062068194151 3.1611084938049316) (2.7771010398864746 2.916062068194151 3.365050792694092) (2.7771010398864746 2.916062068194151 3.568993091583252) (2.7771010398864746 2.916062068194151 3.772935628890991) (2.7771010398864746 2.916062068194151 3.9768781661987305) (2.7771010398864746 2.916062068194151 4.180820941925049) (2.7771010398864746 2.916062068194151 4.384763240814209) (2.7771010398864746 2.916062068194151 4.588705539703369) (2.7771010398864746 2.916062068194151 4.7926483154296875) (2.7771010398864746 2.916062068194151 4.996590614318848) (2.7771010398864746 2.916062068194151 5.200532913208008) (2.7771010398864746 2.916062068194151 5.404475212097168) (2.7771010398864746 2.916062068194151 5.608417987823486) (2.7771010398864746 2.916062068194151 5.812359809875488) (2.9800209999084473 2.916062068194151 0.10197123885154724) (2.9800209999084473 2.916062068194151 0.30591374635696411) (2.9800209999084473 2.916062068194151 0.50985622406005859) (2.9800209999084473 2.916062068194151 0.7137986421585083) (2.9800209999084473 2.916062068194151 0.91774111986160278) (2.9800209999084473 2.916062068194151 1.1216835975646973) (2.9800209999084473 2.916062068194151 1.325626015663147) (2.9800209999084473 2.916062068194151 1.5295684337615967) (2.9800209999084473 2.916062068194151 1.7335110902786255) (2.9800209999084473 2.916062068194151 1.9374533891677856) (2.9800209999084473 2.916062068194151 2.1413960456848145) (2.9800209999084473 2.916062068194151 2.3453383445739746) (2.9800209999084473 2.916062068194151 2.549280881881714) (2.9800209999084473 2.916062068194151 2.753223180770874) (2.9800209999084473 2.916062068194151 2.9571657180786133) (2.9800209999084473 2.916062068194151 3.1611084938049316) (2.9800209999084473 2.916062068194151 3.365050792694092) (2.9800209999084473 2.916062068194151 3.568993091583252) (2.9800209999084473 2.916062068194151 3.772935628890991) (2.9800209999084473 2.916062068194151 3.9768781661987305) (2.9800209999084473 2.916062068194151 4.180820941925049) (2.9800209999084473 2.916062068194151 4.384763240814209) (2.9800209999084473 2.916062068194151 4.588705539703369) (2.9800209999084473 2.916062068194151 4.7926483154296875) (2.9800209999084473 2.916062068194151 4.996590614318848) (2.9800209999084473 2.916062068194151 5.200532913208008) (2.9800209999084473 2.916062068194151 5.404475212097168) (2.9800209999084473 2.916062068194151 5.608417987823486) (2.9800209999084473 2.916062068194151 5.812359809875488) (3.182941436767578 2.916062068194151 0.10197123885154724) (3.182941436767578 2.916062068194151 0.30591374635696411) (3.182941436767578 2.916062068194151 0.50985622406005859) (3.182941436767578 2.916062068194151 0.7137986421585083) (3.182941436767578 2.916062068194151 0.91774111986160278) (3.182941436767578 2.916062068194151 1.1216835975646973) (3.182941436767578 2.916062068194151 1.325626015663147) (3.182941436767578 2.916062068194151 1.5295684337615967) (3.182941436767578 2.916062068194151 1.7335110902786255) (3.182941436767578 2.916062068194151 1.9374533891677856) (3.182941436767578 2.916062068194151 2.1413960456848145) (3.182941436767578 2.916062068194151 2.3453383445739746) (3.182941436767578 2.916062068194151 2.549280881881714) (3.182941436767578 2.916062068194151 2.753223180770874) (3.182941436767578 2.916062068194151 2.9571657180786133) (3.182941436767578 2.916062068194151 3.1611084938049316) (3.182941436767578 2.916062068194151 3.365050792694092) (3.182941436767578 2.916062068194151 3.568993091583252) (3.182941436767578 2.916062068194151 3.772935628890991) (3.182941436767578 2.916062068194151 3.9768781661987305) (3.182941436767578 2.916062068194151 4.180820941925049) (3.182941436767578 2.916062068194151 4.384763240814209) (3.182941436767578 2.916062068194151 4.588705539703369) (3.182941436767578 2.916062068194151 4.7926483154296875) (3.182941436767578 2.916062068194151 4.996590614318848) (3.182941436767578 2.916062068194151 5.200532913208008) (3.182941436767578 2.916062068194151 5.404475212097168) (3.182941436767578 2.916062068194151 5.608417987823486) (3.182941436767578 2.916062068194151 5.812359809875488) (3.385861396789551 2.916062068194151 0.10197123885154724) (3.385861396789551 2.916062068194151 0.30591374635696411) (3.385861396789551 2.916062068194151 0.50985622406005859) (3.385861396789551 2.916062068194151 0.7137986421585083) (3.385861396789551 2.916062068194151 0.91774111986160278) (3.385861396789551 2.916062068194151 1.1216835975646973) (3.385861396789551 2.916062068194151 1.325626015663147) (3.385861396789551 2.916062068194151 1.5295684337615967) (3.385861396789551 2.916062068194151 1.7335110902786255) (3.385861396789551 2.916062068194151 1.9374533891677856) (3.385861396789551 2.916062068194151 2.1413960456848145) (3.385861396789551 2.916062068194151 2.3453383445739746) (3.385861396789551 2.916062068194151 2.549280881881714) (3.385861396789551 2.916062068194151 2.753223180770874) (3.385861396789551 2.916062068194151 2.9571657180786133) (3.385861396789551 2.916062068194151 3.1611084938049316) (3.385861396789551 2.916062068194151 3.365050792694092) (3.385861396789551 2.916062068194151 3.568993091583252) (3.385861396789551 2.916062068194151 3.772935628890991) (3.385861396789551 2.916062068194151 3.9768781661987305) (3.385861396789551 2.916062068194151 4.180820941925049) (3.385861396789551 2.916062068194151 4.384763240814209) (3.385861396789551 2.916062068194151 4.588705539703369) (3.385861396789551 2.916062068194151 4.7926483154296875) (3.385861396789551 2.916062068194151 4.996590614318848) (3.385861396789551 2.916062068194151 5.200532913208008) (3.385861396789551 2.916062068194151 5.404475212097168) (3.385861396789551 2.916062068194151 5.608417987823486) (3.385861396789551 2.916062068194151 5.812359809875488) (3.5887818336486816 2.916062068194151 0.10197123885154724) (3.5887818336486816 2.916062068194151 0.30591374635696411) (3.5887818336486816 2.916062068194151 0.50985622406005859) (3.5887818336486816 2.916062068194151 0.7137986421585083) (3.5887818336486816 2.916062068194151 0.91774111986160278) (3.5887818336486816 2.916062068194151 1.1216835975646973) (3.5887818336486816 2.916062068194151 1.325626015663147) (3.5887818336486816 2.916062068194151 1.5295684337615967) (3.5887818336486816 2.916062068194151 1.7335110902786255) (3.5887818336486816 2.916062068194151 1.9374533891677856) (3.5887818336486816 2.916062068194151 2.1413960456848145) (3.5887818336486816 2.916062068194151 2.3453383445739746) (3.5887818336486816 2.916062068194151 2.549280881881714) (3.5887818336486816 2.916062068194151 2.753223180770874) (3.5887818336486816 2.916062068194151 2.9571657180786133) (3.5887818336486816 2.916062068194151 3.1611084938049316) (3.5887818336486816 2.916062068194151 3.365050792694092) (3.5887818336486816 2.916062068194151 3.568993091583252) (3.5887818336486816 2.916062068194151 3.772935628890991) (3.5887818336486816 2.916062068194151 3.9768781661987305) (3.5887818336486816 2.916062068194151 4.180820941925049) (3.5887818336486816 2.916062068194151 4.384763240814209) (3.5887818336486816 2.916062068194151 4.588705539703369) (3.5887818336486816 2.916062068194151 4.7926483154296875) (3.5887818336486816 2.916062068194151 4.996590614318848) (3.5887818336486816 2.916062068194151 5.200532913208008) (3.5887818336486816 2.916062068194151 5.404475212097168) (3.5887818336486816 2.916062068194151 5.608417987823486) (3.5887818336486816 2.916062068194151 5.812359809875488) (3.7917017936706543 2.916062068194151 0.10197123885154724) (3.7917017936706543 2.916062068194151 0.30591374635696411) (3.7917017936706543 2.916062068194151 0.50985622406005859) (3.7917017936706543 2.916062068194151 0.7137986421585083) (3.7917017936706543 2.916062068194151 0.91774111986160278) (3.7917017936706543 2.916062068194151 1.1216835975646973) (3.7917017936706543 2.916062068194151 1.325626015663147) (3.7917017936706543 2.916062068194151 1.5295684337615967) (3.7917017936706543 2.916062068194151 1.7335110902786255) (3.7917017936706543 2.916062068194151 1.9374533891677856) (3.7917017936706543 2.916062068194151 2.1413960456848145) (3.7917017936706543 2.916062068194151 2.3453383445739746) (3.7917017936706543 2.916062068194151 2.549280881881714) (3.7917017936706543 2.916062068194151 2.753223180770874) (3.7917017936706543 2.916062068194151 2.9571657180786133) (3.7917017936706543 2.916062068194151 3.1611084938049316) (3.7917017936706543 2.916062068194151 3.365050792694092) (3.7917017936706543 2.916062068194151 3.568993091583252) (3.7917017936706543 2.916062068194151 3.772935628890991) (3.7917017936706543 2.916062068194151 3.9768781661987305) (3.7917017936706543 2.916062068194151 4.180820941925049) (3.7917017936706543 2.916062068194151 4.384763240814209) (3.7917017936706543 2.916062068194151 4.588705539703369) (3.7917017936706543 2.916062068194151 4.7926483154296875) (3.7917017936706543 2.916062068194151 4.996590614318848) (3.7917017936706543 2.916062068194151 5.200532913208008) (3.7917017936706543 2.916062068194151 5.404475212097168) (3.7917017936706543 2.916062068194151 5.608417987823486) (3.7917017936706543 2.916062068194151 5.812359809875488) (3.994622230529785 2.916062068194151 0.10197123885154724) (3.994622230529785 2.916062068194151 0.30591374635696411) (3.994622230529785 2.916062068194151 0.50985622406005859) (3.994622230529785 2.916062068194151 0.7137986421585083) (3.994622230529785 2.916062068194151 0.91774111986160278) (3.994622230529785 2.916062068194151 1.1216835975646973) (3.994622230529785 2.916062068194151 1.325626015663147) (3.994622230529785 2.916062068194151 1.5295684337615967) (3.994622230529785 2.916062068194151 1.7335110902786255) (3.994622230529785 2.916062068194151 1.9374533891677856) (3.994622230529785 2.916062068194151 2.1413960456848145) (3.994622230529785 2.916062068194151 2.3453383445739746) (3.994622230529785 2.916062068194151 2.549280881881714) (3.994622230529785 2.916062068194151 2.753223180770874) (3.994622230529785 2.916062068194151 2.9571657180786133) (3.994622230529785 2.916062068194151 3.1611084938049316) (3.994622230529785 2.916062068194151 3.365050792694092) (3.994622230529785 2.916062068194151 3.568993091583252) (3.994622230529785 2.916062068194151 3.772935628890991) (3.994622230529785 2.916062068194151 3.9768781661987305) (3.994622230529785 2.916062068194151 4.180820941925049) (3.994622230529785 2.916062068194151 4.384763240814209) (3.994622230529785 2.916062068194151 4.588705539703369) (3.994622230529785 2.916062068194151 4.7926483154296875) (3.994622230529785 2.916062068194151 4.996590614318848) (3.994622230529785 2.916062068194151 5.200532913208008) (3.994622230529785 2.916062068194151 5.404475212097168) (3.994622230529785 2.916062068194151 5.608417987823486) (3.994622230529785 2.916062068194151 5.812359809875488) (4.197542190551758 2.916062068194151 0.10197123885154724) (4.197542190551758 2.916062068194151 0.30591374635696411) (4.197542190551758 2.916062068194151 0.50985622406005859) (4.197542190551758 2.916062068194151 0.7137986421585083) (4.197542190551758 2.916062068194151 0.91774111986160278) (4.197542190551758 2.916062068194151 1.1216835975646973) (4.197542190551758 2.916062068194151 1.325626015663147) (4.197542190551758 2.916062068194151 1.5295684337615967) (4.197542190551758 2.916062068194151 1.7335110902786255) (4.197542190551758 2.916062068194151 1.9374533891677856) (4.197542190551758 2.916062068194151 2.1413960456848145) (4.197542190551758 2.916062068194151 2.3453383445739746) (4.197542190551758 2.916062068194151 2.549280881881714) (4.197542190551758 2.916062068194151 2.753223180770874) (4.197542190551758 2.916062068194151 2.9571657180786133) (4.197542190551758 2.916062068194151 3.1611084938049316) (4.197542190551758 2.916062068194151 3.365050792694092) (4.197542190551758 2.916062068194151 3.568993091583252) (4.197542190551758 2.916062068194151 3.772935628890991) (4.197542190551758 2.916062068194151 3.9768781661987305) (4.197542190551758 2.916062068194151 4.180820941925049) (4.197542190551758 2.916062068194151 4.384763240814209) (4.197542190551758 2.916062068194151 4.588705539703369) (4.197542190551758 2.916062068194151 4.7926483154296875) (4.197542190551758 2.916062068194151 4.996590614318848) (4.197542190551758 2.916062068194151 5.200532913208008) (4.197542190551758 2.916062068194151 5.404475212097168) (4.197542190551758 2.916062068194151 5.608417987823486) (4.197542190551758 2.916062068194151 5.812359809875488) (4.4004621505737305 2.916062068194151 0.10197123885154724) (4.4004621505737305 2.916062068194151 0.30591374635696411) (4.4004621505737305 2.916062068194151 0.50985622406005859) (4.4004621505737305 2.916062068194151 0.7137986421585083) (4.4004621505737305 2.916062068194151 0.91774111986160278) (4.4004621505737305 2.916062068194151 1.1216835975646973) (4.4004621505737305 2.916062068194151 1.325626015663147) (4.4004621505737305 2.916062068194151 1.5295684337615967) (4.4004621505737305 2.916062068194151 1.7335110902786255) (4.4004621505737305 2.916062068194151 1.9374533891677856) (4.4004621505737305 2.916062068194151 2.1413960456848145) (4.4004621505737305 2.916062068194151 2.3453383445739746) (4.4004621505737305 2.916062068194151 2.549280881881714) (4.4004621505737305 2.916062068194151 2.753223180770874) (4.4004621505737305 2.916062068194151 2.9571657180786133) (4.4004621505737305 2.916062068194151 3.1611084938049316) (4.4004621505737305 2.916062068194151 3.365050792694092) (4.4004621505737305 2.916062068194151 3.568993091583252) (4.4004621505737305 2.916062068194151 3.772935628890991) (4.4004621505737305 2.916062068194151 3.9768781661987305) (4.4004621505737305 2.916062068194151 4.180820941925049) (4.4004621505737305 2.916062068194151 4.384763240814209) (4.4004621505737305 2.916062068194151 4.588705539703369) (4.4004621505737305 2.916062068194151 4.7926483154296875) (4.4004621505737305 2.916062068194151 4.996590614318848) (4.4004621505737305 2.916062068194151 5.200532913208008) (4.4004621505737305 2.916062068194151 5.404475212097168) (4.4004621505737305 2.916062068194151 5.608417987823486) (4.4004621505737305 2.916062068194151 5.812359809875488) (4.603382587432861 2.916062068194151 0.10197123885154724) (4.603382587432861 2.916062068194151 0.30591374635696411) (4.603382587432861 2.916062068194151 0.50985622406005859) (4.603382587432861 2.916062068194151 0.7137986421585083) (4.603382587432861 2.916062068194151 0.91774111986160278) (4.603382587432861 2.916062068194151 1.1216835975646973) (4.603382587432861 2.916062068194151 1.325626015663147) (4.603382587432861 2.916062068194151 1.5295684337615967) (4.603382587432861 2.916062068194151 1.7335110902786255) (4.603382587432861 2.916062068194151 1.9374533891677856) (4.603382587432861 2.916062068194151 2.1413960456848145) (4.603382587432861 2.916062068194151 2.3453383445739746) (4.603382587432861 2.916062068194151 2.549280881881714) (4.603382587432861 2.916062068194151 2.753223180770874) (4.603382587432861 2.916062068194151 2.9571657180786133) (4.603382587432861 2.916062068194151 3.1611084938049316) (4.603382587432861 2.916062068194151 3.365050792694092) (4.603382587432861 2.916062068194151 3.568993091583252) (4.603382587432861 2.916062068194151 3.772935628890991) (4.603382587432861 2.916062068194151 3.9768781661987305) (4.603382587432861 2.916062068194151 4.180820941925049) (4.603382587432861 2.916062068194151 4.384763240814209) (4.603382587432861 2.916062068194151 4.588705539703369) (4.603382587432861 2.916062068194151 4.7926483154296875) (4.603382587432861 2.916062068194151 4.996590614318848) (4.603382587432861 2.916062068194151 5.200532913208008) (4.603382587432861 2.916062068194151 5.404475212097168) (4.603382587432861 2.916062068194151 5.608417987823486) (4.603382587432861 2.916062068194151 5.812359809875488) (4.806303024291992 2.916062068194151 0.10197123885154724) (4.806303024291992 2.916062068194151 0.30591374635696411) (4.806303024291992 2.916062068194151 0.50985622406005859) (4.806303024291992 2.916062068194151 0.7137986421585083) (4.806303024291992 2.916062068194151 0.91774111986160278) (4.806303024291992 2.916062068194151 1.1216835975646973) (4.806303024291992 2.916062068194151 1.325626015663147) (4.806303024291992 2.916062068194151 1.5295684337615967) (4.806303024291992 2.916062068194151 1.7335110902786255) (4.806303024291992 2.916062068194151 1.9374533891677856) (4.806303024291992 2.916062068194151 2.1413960456848145) (4.806303024291992 2.916062068194151 2.3453383445739746) (4.806303024291992 2.916062068194151 2.549280881881714) (4.806303024291992 2.916062068194151 2.753223180770874) (4.806303024291992 2.916062068194151 2.9571657180786133) (4.806303024291992 2.916062068194151 3.1611084938049316) (4.806303024291992 2.916062068194151 3.365050792694092) (4.806303024291992 2.916062068194151 3.568993091583252) (4.806303024291992 2.916062068194151 3.772935628890991) (4.806303024291992 2.916062068194151 3.9768781661987305) (4.806303024291992 2.916062068194151 4.180820941925049) (4.806303024291992 2.916062068194151 4.384763240814209) (4.806303024291992 2.916062068194151 4.588705539703369) (4.806303024291992 2.916062068194151 4.7926483154296875) (4.806303024291992 2.916062068194151 4.996590614318848) (4.806303024291992 2.916062068194151 5.200532913208008) (4.806303024291992 2.916062068194151 5.404475212097168) (4.806303024291992 2.916062068194151 5.608417987823486) (4.806303024291992 2.916062068194151 5.812359809875488) (5.009222984313965 2.916062068194151 0.10197123885154724) (5.009222984313965 2.916062068194151 0.30591374635696411) (5.009222984313965 2.916062068194151 0.50985622406005859) (5.009222984313965 2.916062068194151 0.7137986421585083) (5.009222984313965 2.916062068194151 0.91774111986160278) (5.009222984313965 2.916062068194151 1.1216835975646973) (5.009222984313965 2.916062068194151 1.325626015663147) (5.009222984313965 2.916062068194151 1.5295684337615967) (5.009222984313965 2.916062068194151 1.7335110902786255) (5.009222984313965 2.916062068194151 1.9374533891677856) (5.009222984313965 2.916062068194151 2.1413960456848145) (5.009222984313965 2.916062068194151 2.3453383445739746) (5.009222984313965 2.916062068194151 2.549280881881714) (5.009222984313965 2.916062068194151 2.753223180770874) (5.009222984313965 2.916062068194151 2.9571657180786133) (5.009222984313965 2.916062068194151 3.1611084938049316) (5.009222984313965 2.916062068194151 3.365050792694092) (5.009222984313965 2.916062068194151 3.568993091583252) (5.009222984313965 2.916062068194151 3.772935628890991) (5.009222984313965 2.916062068194151 3.9768781661987305) (5.009222984313965 2.916062068194151 4.180820941925049) (5.009222984313965 2.916062068194151 4.384763240814209) (5.009222984313965 2.916062068194151 4.588705539703369) (5.009222984313965 2.916062068194151 4.7926483154296875) (5.009222984313965 2.916062068194151 4.996590614318848) (5.009222984313965 2.916062068194151 5.200532913208008) (5.009222984313965 2.916062068194151 5.404475212097168) (5.009222984313965 2.916062068194151 5.608417987823486) (5.009222984313965 2.916062068194151 5.812359809875488) (5.2121429443359375 2.916062068194151 0.10197123885154724) (5.2121429443359375 2.916062068194151 0.30591374635696411) (5.2121429443359375 2.916062068194151 0.50985622406005859) (5.2121429443359375 2.916062068194151 0.7137986421585083) (5.2121429443359375 2.916062068194151 0.91774111986160278) (5.2121429443359375 2.916062068194151 1.1216835975646973) (5.2121429443359375 2.916062068194151 1.325626015663147) (5.2121429443359375 2.916062068194151 1.5295684337615967) (5.2121429443359375 2.916062068194151 1.7335110902786255) (5.2121429443359375 2.916062068194151 1.9374533891677856) (5.2121429443359375 2.916062068194151 2.1413960456848145) (5.2121429443359375 2.916062068194151 2.3453383445739746) (5.2121429443359375 2.916062068194151 2.549280881881714) (5.2121429443359375 2.916062068194151 2.753223180770874) (5.2121429443359375 2.916062068194151 2.9571657180786133) (5.2121429443359375 2.916062068194151 3.1611084938049316) (5.2121429443359375 2.916062068194151 3.365050792694092) (5.2121429443359375 2.916062068194151 3.568993091583252) (5.2121429443359375 2.916062068194151 3.772935628890991) (5.2121429443359375 2.916062068194151 3.9768781661987305) (5.2121429443359375 2.916062068194151 4.180820941925049) (5.2121429443359375 2.916062068194151 4.384763240814209) (5.2121429443359375 2.916062068194151 4.588705539703369) (5.2121429443359375 2.916062068194151 4.7926483154296875) (5.2121429443359375 2.916062068194151 4.996590614318848) (5.2121429443359375 2.916062068194151 5.200532913208008) (5.2121429443359375 2.916062068194151 5.404475212097168) (5.2121429443359375 2.916062068194151 5.608417987823486) (5.2121429443359375 2.916062068194151 5.812359809875488) (5.41506290435791 2.916062068194151 0.10197123885154724) (5.41506290435791 2.916062068194151 0.30591374635696411) (5.41506290435791 2.916062068194151 0.50985622406005859) (5.41506290435791 2.916062068194151 0.7137986421585083) (5.41506290435791 2.916062068194151 0.91774111986160278) (5.41506290435791 2.916062068194151 1.1216835975646973) (5.41506290435791 2.916062068194151 1.325626015663147) (5.41506290435791 2.916062068194151 1.5295684337615967) (5.41506290435791 2.916062068194151 1.7335110902786255) (5.41506290435791 2.916062068194151 1.9374533891677856) (5.41506290435791 2.916062068194151 2.1413960456848145) (5.41506290435791 2.916062068194151 2.3453383445739746) (5.41506290435791 2.916062068194151 2.549280881881714) (5.41506290435791 2.916062068194151 2.753223180770874) (5.41506290435791 2.916062068194151 2.9571657180786133) (5.41506290435791 2.916062068194151 3.1611084938049316) (5.41506290435791 2.916062068194151 3.365050792694092) (5.41506290435791 2.916062068194151 3.568993091583252) (5.41506290435791 2.916062068194151 3.772935628890991) (5.41506290435791 2.916062068194151 3.9768781661987305) (5.41506290435791 2.916062068194151 4.180820941925049) (5.41506290435791 2.916062068194151 4.384763240814209) (5.41506290435791 2.916062068194151 4.588705539703369) (5.41506290435791 2.916062068194151 4.7926483154296875) (5.41506290435791 2.916062068194151 4.996590614318848) (5.41506290435791 2.916062068194151 5.200532913208008) (5.41506290435791 2.916062068194151 5.404475212097168) (5.41506290435791 2.916062068194151 5.608417987823486) (5.41506290435791 2.916062068194151 5.812359809875488) (5.617983818054199 2.916062068194151 0.10197123885154724) (5.617983818054199 2.916062068194151 0.30591374635696411) (5.617983818054199 2.916062068194151 0.50985622406005859) (5.617983818054199 2.916062068194151 0.7137986421585083) (5.617983818054199 2.916062068194151 0.91774111986160278) (5.617983818054199 2.916062068194151 1.1216835975646973) (5.617983818054199 2.916062068194151 1.325626015663147) (5.617983818054199 2.916062068194151 1.5295684337615967) (5.617983818054199 2.916062068194151 1.7335110902786255) (5.617983818054199 2.916062068194151 1.9374533891677856) (5.617983818054199 2.916062068194151 2.1413960456848145) (5.617983818054199 2.916062068194151 2.3453383445739746) (5.617983818054199 2.916062068194151 2.549280881881714) (5.617983818054199 2.916062068194151 2.753223180770874) (5.617983818054199 2.916062068194151 2.9571657180786133) (5.617983818054199 2.916062068194151 3.1611084938049316) (5.617983818054199 2.916062068194151 3.365050792694092) (5.617983818054199 2.916062068194151 3.568993091583252) (5.617983818054199 2.916062068194151 3.772935628890991) (5.617983818054199 2.916062068194151 3.9768781661987305) (5.617983818054199 2.916062068194151 4.180820941925049) (5.617983818054199 2.916062068194151 4.384763240814209) (5.617983818054199 2.916062068194151 4.588705539703369) (5.617983818054199 2.916062068194151 4.7926483154296875) (5.617983818054199 2.916062068194151 4.996590614318848) (5.617983818054199 2.916062068194151 5.200532913208008) (5.617983818054199 2.916062068194151 5.404475212097168) (5.617983818054199 2.916062068194151 5.608417987823486) (5.617983818054199 2.916062068194151 5.812359809875488) (5.820903778076172 2.916062068194151 0.10197123885154724) (5.820903778076172 2.916062068194151 0.30591374635696411) (5.820903778076172 2.916062068194151 0.50985622406005859) (5.820903778076172 2.916062068194151 0.7137986421585083) (5.820903778076172 2.916062068194151 0.91774111986160278) (5.820903778076172 2.916062068194151 1.1216835975646973) (5.820903778076172 2.916062068194151 1.325626015663147) (5.820903778076172 2.916062068194151 1.5295684337615967) (5.820903778076172 2.916062068194151 1.7335110902786255) (5.820903778076172 2.916062068194151 1.9374533891677856) (5.820903778076172 2.916062068194151 2.1413960456848145) (5.820903778076172 2.916062068194151 2.3453383445739746) (5.820903778076172 2.916062068194151 2.549280881881714) (5.820903778076172 2.916062068194151 2.753223180770874) (5.820903778076172 2.916062068194151 2.9571657180786133) (5.820903778076172 2.916062068194151 3.1611084938049316) (5.820903778076172 2.916062068194151 3.365050792694092) (5.820903778076172 2.916062068194151 3.568993091583252) (5.820903778076172 2.916062068194151 3.772935628890991) (5.820903778076172 2.916062068194151 3.9768781661987305) (5.820903778076172 2.916062068194151 4.180820941925049) (5.820903778076172 2.916062068194151 4.384763240814209) (5.820903778076172 2.916062068194151 4.588705539703369) (5.820903778076172 2.916062068194151 4.7926483154296875) (5.820903778076172 2.916062068194151 4.996590614318848) (5.820903778076172 2.916062068194151 5.200532913208008) (5.820903778076172 2.916062068194151 5.404475212097168) (5.820903778076172 2.916062068194151 5.608417987823486) (5.820903778076172 2.916062068194151 5.812359809875488) (6.0238237380981445 2.916062068194151 0.10197123885154724) (6.0238237380981445 2.916062068194151 0.30591374635696411) (6.0238237380981445 2.916062068194151 0.50985622406005859) (6.0238237380981445 2.916062068194151 0.7137986421585083) (6.0238237380981445 2.916062068194151 0.91774111986160278) (6.0238237380981445 2.916062068194151 1.1216835975646973) (6.0238237380981445 2.916062068194151 1.325626015663147) (6.0238237380981445 2.916062068194151 1.5295684337615967) (6.0238237380981445 2.916062068194151 1.7335110902786255) (6.0238237380981445 2.916062068194151 1.9374533891677856) (6.0238237380981445 2.916062068194151 2.1413960456848145) (6.0238237380981445 2.916062068194151 2.3453383445739746) (6.0238237380981445 2.916062068194151 2.549280881881714) (6.0238237380981445 2.916062068194151 2.753223180770874) (6.0238237380981445 2.916062068194151 2.9571657180786133) (6.0238237380981445 2.916062068194151 3.1611084938049316) (6.0238237380981445 2.916062068194151 3.365050792694092) (6.0238237380981445 2.916062068194151 3.568993091583252) (6.0238237380981445 2.916062068194151 3.772935628890991) (6.0238237380981445 2.916062068194151 3.9768781661987305) (6.0238237380981445 2.916062068194151 4.180820941925049) (6.0238237380981445 2.916062068194151 4.384763240814209) (6.0238237380981445 2.916062068194151 4.588705539703369) (6.0238237380981445 2.916062068194151 4.7926483154296875) (6.0238237380981445 2.916062068194151 4.996590614318848) (6.0238237380981445 2.916062068194151 5.200532913208008) (6.0238237380981445 2.916062068194151 5.404475212097168) (6.0238237380981445 2.916062068194151 5.608417987823486) (6.0238237380981445 2.916062068194151 5.812359809875488) (6.226743698120117 2.916062068194151 0.10197123885154724) (6.226743698120117 2.916062068194151 0.30591374635696411) (6.226743698120117 2.916062068194151 0.50985622406005859) (6.226743698120117 2.916062068194151 0.7137986421585083) (6.226743698120117 2.916062068194151 0.91774111986160278) (6.226743698120117 2.916062068194151 1.1216835975646973) (6.226743698120117 2.916062068194151 1.325626015663147) (6.226743698120117 2.916062068194151 1.5295684337615967) (6.226743698120117 2.916062068194151 1.7335110902786255) (6.226743698120117 2.916062068194151 1.9374533891677856) (6.226743698120117 2.916062068194151 2.1413960456848145) (6.226743698120117 2.916062068194151 2.3453383445739746) (6.226743698120117 2.916062068194151 2.549280881881714) (6.226743698120117 2.916062068194151 2.753223180770874) (6.226743698120117 2.916062068194151 2.9571657180786133) (6.226743698120117 2.916062068194151 3.1611084938049316) (6.226743698120117 2.916062068194151 3.365050792694092) (6.226743698120117 2.916062068194151 3.568993091583252) (6.226743698120117 2.916062068194151 3.772935628890991) (6.226743698120117 2.916062068194151 3.9768781661987305) (6.226743698120117 2.916062068194151 4.180820941925049) (6.226743698120117 2.916062068194151 4.384763240814209) (6.226743698120117 2.916062068194151 4.588705539703369) (6.226743698120117 2.916062068194151 4.7926483154296875) (6.226743698120117 2.916062068194151 4.996590614318848) (6.226743698120117 2.916062068194151 5.200532913208008) (6.226743698120117 2.916062068194151 5.404475212097168) (6.226743698120117 2.916062068194151 5.608417987823486) (6.226743698120117 2.916062068194151 5.812359809875488) (6.429664134979248 2.916062068194151 0.10197123885154724) (6.429664134979248 2.916062068194151 0.30591374635696411) (6.429664134979248 2.916062068194151 0.50985622406005859) (6.429664134979248 2.916062068194151 0.7137986421585083) (6.429664134979248 2.916062068194151 0.91774111986160278) (6.429664134979248 2.916062068194151 1.1216835975646973) (6.429664134979248 2.916062068194151 1.325626015663147) (6.429664134979248 2.916062068194151 1.5295684337615967) (6.429664134979248 2.916062068194151 1.7335110902786255) (6.429664134979248 2.916062068194151 1.9374533891677856) (6.429664134979248 2.916062068194151 2.1413960456848145) (6.429664134979248 2.916062068194151 2.3453383445739746) (6.429664134979248 2.916062068194151 2.549280881881714) (6.429664134979248 2.916062068194151 2.753223180770874) (6.429664134979248 2.916062068194151 2.9571657180786133) (6.429664134979248 2.916062068194151 3.1611084938049316) (6.429664134979248 2.916062068194151 3.365050792694092) (6.429664134979248 2.916062068194151 3.568993091583252) (6.429664134979248 2.916062068194151 3.772935628890991) (6.429664134979248 2.916062068194151 3.9768781661987305) (6.429664134979248 2.916062068194151 4.180820941925049) (6.429664134979248 2.916062068194151 4.384763240814209) (6.429664134979248 2.916062068194151 4.588705539703369) (6.429664134979248 2.916062068194151 4.7926483154296875) (6.429664134979248 2.916062068194151 4.996590614318848) (6.429664134979248 2.916062068194151 5.200532913208008) (6.429664134979248 2.916062068194151 5.404475212097168) (6.429664134979248 2.916062068194151 5.608417987823486) (6.429664134979248 2.916062068194151 5.812359809875488) (6.632584571838379 2.916062068194151 0.10197123885154724) (6.632584571838379 2.916062068194151 0.30591374635696411) (6.632584571838379 2.916062068194151 0.50985622406005859) (6.632584571838379 2.916062068194151 0.7137986421585083) (6.632584571838379 2.916062068194151 0.91774111986160278) (6.632584571838379 2.916062068194151 1.1216835975646973) (6.632584571838379 2.916062068194151 1.325626015663147) (6.632584571838379 2.916062068194151 1.5295684337615967) (6.632584571838379 2.916062068194151 1.7335110902786255) (6.632584571838379 2.916062068194151 1.9374533891677856) (6.632584571838379 2.916062068194151 2.1413960456848145) (6.632584571838379 2.916062068194151 2.3453383445739746) (6.632584571838379 2.916062068194151 2.549280881881714) (6.632584571838379 2.916062068194151 2.753223180770874) (6.632584571838379 2.916062068194151 2.9571657180786133) (6.632584571838379 2.916062068194151 3.1611084938049316) (6.632584571838379 2.916062068194151 3.365050792694092) (6.632584571838379 2.916062068194151 3.568993091583252) (6.632584571838379 2.916062068194151 3.772935628890991) (6.632584571838379 2.916062068194151 3.9768781661987305) (6.632584571838379 2.916062068194151 4.180820941925049) (6.632584571838379 2.916062068194151 4.384763240814209) (6.632584571838379 2.916062068194151 4.588705539703369) (6.632584571838379 2.916062068194151 4.7926483154296875) (6.632584571838379 2.916062068194151 4.996590614318848) (6.632584571838379 2.916062068194151 5.200532913208008) (6.632584571838379 2.916062068194151 5.404475212097168) (6.632584571838379 2.916062068194151 5.608417987823486) (6.632584571838379 2.916062068194151 5.812359809875488) (6.835504531860352 2.916062068194151 0.10197123885154724) (6.835504531860352 2.916062068194151 0.30591374635696411) (6.835504531860352 2.916062068194151 0.50985622406005859) (6.835504531860352 2.916062068194151 0.7137986421585083) (6.835504531860352 2.916062068194151 0.91774111986160278) (6.835504531860352 2.916062068194151 1.1216835975646973) (6.835504531860352 2.916062068194151 1.325626015663147) (6.835504531860352 2.916062068194151 1.5295684337615967) (6.835504531860352 2.916062068194151 1.7335110902786255) (6.835504531860352 2.916062068194151 1.9374533891677856) (6.835504531860352 2.916062068194151 2.1413960456848145) (6.835504531860352 2.916062068194151 2.3453383445739746) (6.835504531860352 2.916062068194151 2.549280881881714) (6.835504531860352 2.916062068194151 2.753223180770874) (6.835504531860352 2.916062068194151 2.9571657180786133) (6.835504531860352 2.916062068194151 3.1611084938049316) (6.835504531860352 2.916062068194151 3.365050792694092) (6.835504531860352 2.916062068194151 3.568993091583252) (6.835504531860352 2.916062068194151 3.772935628890991) (6.835504531860352 2.916062068194151 3.9768781661987305) (6.835504531860352 2.916062068194151 4.180820941925049) (6.835504531860352 2.916062068194151 4.384763240814209) (6.835504531860352 2.916062068194151 4.588705539703369) (6.835504531860352 2.916062068194151 4.7926483154296875) (6.835504531860352 2.916062068194151 4.996590614318848) (6.835504531860352 2.916062068194151 5.200532913208008) (6.835504531860352 2.916062068194151 5.404475212097168) (6.835504531860352 2.916062068194151 5.608417987823486) (6.835504531860352 2.916062068194151 5.812359809875488) (7.038424491882324 2.916062068194151 0.10197123885154724) (7.038424491882324 2.916062068194151 0.30591374635696411) (7.038424491882324 2.916062068194151 0.50985622406005859) (7.038424491882324 2.916062068194151 0.7137986421585083) (7.038424491882324 2.916062068194151 0.91774111986160278) (7.038424491882324 2.916062068194151 1.1216835975646973) (7.038424491882324 2.916062068194151 1.325626015663147) (7.038424491882324 2.916062068194151 1.5295684337615967) (7.038424491882324 2.916062068194151 1.7335110902786255) (7.038424491882324 2.916062068194151 1.9374533891677856) (7.038424491882324 2.916062068194151 2.1413960456848145) (7.038424491882324 2.916062068194151 2.3453383445739746) (7.038424491882324 2.916062068194151 2.549280881881714) (7.038424491882324 2.916062068194151 2.753223180770874) (7.038424491882324 2.916062068194151 2.9571657180786133) (7.038424491882324 2.916062068194151 3.1611084938049316) (7.038424491882324 2.916062068194151 3.365050792694092) (7.038424491882324 2.916062068194151 3.568993091583252) (7.038424491882324 2.916062068194151 3.772935628890991) (7.038424491882324 2.916062068194151 3.9768781661987305) (7.038424491882324 2.916062068194151 4.180820941925049) (7.038424491882324 2.916062068194151 4.384763240814209) (7.038424491882324 2.916062068194151 4.588705539703369) (7.038424491882324 2.916062068194151 4.7926483154296875) (7.038424491882324 2.916062068194151 4.996590614318848) (7.038424491882324 2.916062068194151 5.200532913208008) (7.038424491882324 2.916062068194151 5.404475212097168) (7.038424491882324 2.916062068194151 5.608417987823486) (7.038424491882324 2.916062068194151 5.812359809875488) (7.241344451904297 2.916062068194151 0.10197123885154724) (7.241344451904297 2.916062068194151 0.30591374635696411) (7.241344451904297 2.916062068194151 0.50985622406005859) (7.241344451904297 2.916062068194151 0.7137986421585083) (7.241344451904297 2.916062068194151 0.91774111986160278) (7.241344451904297 2.916062068194151 1.1216835975646973) (7.241344451904297 2.916062068194151 1.325626015663147) (7.241344451904297 2.916062068194151 1.5295684337615967) (7.241344451904297 2.916062068194151 1.7335110902786255) (7.241344451904297 2.916062068194151 1.9374533891677856) (7.241344451904297 2.916062068194151 2.1413960456848145) (7.241344451904297 2.916062068194151 2.3453383445739746) (7.241344451904297 2.916062068194151 2.549280881881714) (7.241344451904297 2.916062068194151 2.753223180770874) (7.241344451904297 2.916062068194151 2.9571657180786133) (7.241344451904297 2.916062068194151 3.1611084938049316) (7.241344451904297 2.916062068194151 3.365050792694092) (7.241344451904297 2.916062068194151 3.568993091583252) (7.241344451904297 2.916062068194151 3.772935628890991) (7.241344451904297 2.916062068194151 3.9768781661987305) (7.241344451904297 2.916062068194151 4.180820941925049) (7.241344451904297 2.916062068194151 4.384763240814209) (7.241344451904297 2.916062068194151 4.588705539703369) (7.241344451904297 2.916062068194151 4.7926483154296875) (7.241344451904297 2.916062068194151 4.996590614318848) (7.241344451904297 2.916062068194151 5.200532913208008) (7.241344451904297 2.916062068194151 5.404475212097168) (7.241344451904297 2.916062068194151 5.608417987823486) (7.241344451904297 2.916062068194151 5.812359809875488) (7.444264888763428 2.916062068194151 0.10197123885154724) (7.444264888763428 2.916062068194151 0.30591374635696411) (7.444264888763428 2.916062068194151 0.50985622406005859) (7.444264888763428 2.916062068194151 0.7137986421585083) (7.444264888763428 2.916062068194151 0.91774111986160278) (7.444264888763428 2.916062068194151 1.1216835975646973) (7.444264888763428 2.916062068194151 1.325626015663147) (7.444264888763428 2.916062068194151 1.5295684337615967) (7.444264888763428 2.916062068194151 1.7335110902786255) (7.444264888763428 2.916062068194151 1.9374533891677856) (7.444264888763428 2.916062068194151 2.1413960456848145) (7.444264888763428 2.916062068194151 2.3453383445739746) (7.444264888763428 2.916062068194151 2.549280881881714) (7.444264888763428 2.916062068194151 2.753223180770874) (7.444264888763428 2.916062068194151 2.9571657180786133) (7.444264888763428 2.916062068194151 3.1611084938049316) (7.444264888763428 2.916062068194151 3.365050792694092) (7.444264888763428 2.916062068194151 3.568993091583252) (7.444264888763428 2.916062068194151 3.772935628890991) (7.444264888763428 2.916062068194151 3.9768781661987305) (7.444264888763428 2.916062068194151 4.180820941925049) (7.444264888763428 2.916062068194151 4.384763240814209) (7.444264888763428 2.916062068194151 4.588705539703369) (7.444264888763428 2.916062068194151 4.7926483154296875) (7.444264888763428 2.916062068194151 4.996590614318848) (7.444264888763428 2.916062068194151 5.200532913208008) (7.444264888763428 2.916062068194151 5.404475212097168) (7.444264888763428 2.916062068194151 5.608417987823486) (7.444264888763428 2.916062068194151 5.812359809875488) (7.647185325622559 2.916062068194151 0.10197123885154724) (7.647185325622559 2.916062068194151 0.30591374635696411) (7.647185325622559 2.916062068194151 0.50985622406005859) (7.647185325622559 2.916062068194151 0.7137986421585083) (7.647185325622559 2.916062068194151 0.91774111986160278) (7.647185325622559 2.916062068194151 1.1216835975646973) (7.647185325622559 2.916062068194151 1.325626015663147) (7.647185325622559 2.916062068194151 1.5295684337615967) (7.647185325622559 2.916062068194151 1.7335110902786255) (7.647185325622559 2.916062068194151 1.9374533891677856) (7.647185325622559 2.916062068194151 2.1413960456848145) (7.647185325622559 2.916062068194151 2.3453383445739746) (7.647185325622559 2.916062068194151 2.549280881881714) (7.647185325622559 2.916062068194151 2.753223180770874) (7.647185325622559 2.916062068194151 2.9571657180786133) (7.647185325622559 2.916062068194151 3.1611084938049316) (7.647185325622559 2.916062068194151 3.365050792694092) (7.647185325622559 2.916062068194151 3.568993091583252) (7.647185325622559 2.916062068194151 3.772935628890991) (7.647185325622559 2.916062068194151 3.9768781661987305) (7.647185325622559 2.916062068194151 4.180820941925049) (7.647185325622559 2.916062068194151 4.384763240814209) (7.647185325622559 2.916062068194151 4.588705539703369) (7.647185325622559 2.916062068194151 4.7926483154296875) (7.647185325622559 2.916062068194151 4.996590614318848) (7.647185325622559 2.916062068194151 5.200532913208008) (7.647185325622559 2.916062068194151 5.404475212097168) (7.647185325622559 2.916062068194151 5.608417987823486) (7.647185325622559 2.916062068194151 5.812359809875488) (7.850105285644531 2.916062068194151 0.10197123885154724) (7.850105285644531 2.916062068194151 0.30591374635696411) (7.850105285644531 2.916062068194151 0.50985622406005859) (7.850105285644531 2.916062068194151 0.7137986421585083) (7.850105285644531 2.916062068194151 0.91774111986160278) (7.850105285644531 2.916062068194151 1.1216835975646973) (7.850105285644531 2.916062068194151 1.325626015663147) (7.850105285644531 2.916062068194151 1.5295684337615967) (7.850105285644531 2.916062068194151 1.7335110902786255) (7.850105285644531 2.916062068194151 1.9374533891677856) (7.850105285644531 2.916062068194151 2.1413960456848145) (7.850105285644531 2.916062068194151 2.3453383445739746) (7.850105285644531 2.916062068194151 2.549280881881714) (7.850105285644531 2.916062068194151 2.753223180770874) (7.850105285644531 2.916062068194151 2.9571657180786133) (7.850105285644531 2.916062068194151 3.1611084938049316) (7.850105285644531 2.916062068194151 3.365050792694092) (7.850105285644531 2.916062068194151 3.568993091583252) (7.850105285644531 2.916062068194151 3.772935628890991) (7.850105285644531 2.916062068194151 3.9768781661987305) (7.850105285644531 2.916062068194151 4.180820941925049) (7.850105285644531 2.916062068194151 4.384763240814209) (7.850105285644531 2.916062068194151 4.588705539703369) (7.850105285644531 2.916062068194151 4.7926483154296875) (7.850105285644531 2.916062068194151 4.996590614318848) (7.850105285644531 2.916062068194151 5.200532913208008) (7.850105285644531 2.916062068194151 5.404475212097168) (7.850105285644531 2.916062068194151 5.608417987823486) (7.850105285644531 2.916062068194151 5.812359809875488) (8.053025245666504 2.916062068194151 0.10197123885154724) (8.053025245666504 2.916062068194151 0.30591374635696411) (8.053025245666504 2.916062068194151 0.50985622406005859) (8.053025245666504 2.916062068194151 0.7137986421585083) (8.053025245666504 2.916062068194151 0.91774111986160278) (8.053025245666504 2.916062068194151 1.1216835975646973) (8.053025245666504 2.916062068194151 1.325626015663147) (8.053025245666504 2.916062068194151 1.5295684337615967) (8.053025245666504 2.916062068194151 1.7335110902786255) (8.053025245666504 2.916062068194151 1.9374533891677856) (8.053025245666504 2.916062068194151 2.1413960456848145) (8.053025245666504 2.916062068194151 2.3453383445739746) (8.053025245666504 2.916062068194151 2.549280881881714) (8.053025245666504 2.916062068194151 2.753223180770874) (8.053025245666504 2.916062068194151 2.9571657180786133) (8.053025245666504 2.916062068194151 3.1611084938049316) (8.053025245666504 2.916062068194151 3.365050792694092) (8.053025245666504 2.916062068194151 3.568993091583252) (8.053025245666504 2.916062068194151 3.772935628890991) (8.053025245666504 2.916062068194151 3.9768781661987305) (8.053025245666504 2.916062068194151 4.180820941925049) (8.053025245666504 2.916062068194151 4.384763240814209) (8.053025245666504 2.916062068194151 4.588705539703369) (8.053025245666504 2.916062068194151 4.7926483154296875) (8.053025245666504 2.916062068194151 4.996590614318848) (8.053025245666504 2.916062068194151 5.200532913208008) (8.053025245666504 2.916062068194151 5.404475212097168) (8.053025245666504 2.916062068194151 5.608417987823486) (8.053025245666504 2.916062068194151 5.812359809875488) (8.255945205688477 2.916062068194151 0.10197123885154724) (8.255945205688477 2.916062068194151 0.30591374635696411) (8.255945205688477 2.916062068194151 0.50985622406005859) (8.255945205688477 2.916062068194151 0.7137986421585083) (8.255945205688477 2.916062068194151 0.91774111986160278) (8.255945205688477 2.916062068194151 1.1216835975646973) (8.255945205688477 2.916062068194151 1.325626015663147) (8.255945205688477 2.916062068194151 1.5295684337615967) (8.255945205688477 2.916062068194151 1.7335110902786255) (8.255945205688477 2.916062068194151 1.9374533891677856) (8.255945205688477 2.916062068194151 2.1413960456848145) (8.255945205688477 2.916062068194151 2.3453383445739746) (8.255945205688477 2.916062068194151 2.549280881881714) (8.255945205688477 2.916062068194151 2.753223180770874) (8.255945205688477 2.916062068194151 2.9571657180786133) (8.255945205688477 2.916062068194151 3.1611084938049316) (8.255945205688477 2.916062068194151 3.365050792694092) (8.255945205688477 2.916062068194151 3.568993091583252) (8.255945205688477 2.916062068194151 3.772935628890991) (8.255945205688477 2.916062068194151 3.9768781661987305) (8.255945205688477 2.916062068194151 4.180820941925049) (8.255945205688477 2.916062068194151 4.384763240814209) (8.255945205688477 2.916062068194151 4.588705539703369) (8.255945205688477 2.916062068194151 4.7926483154296875) (8.255945205688477 2.916062068194151 4.996590614318848) (8.255945205688477 2.916062068194151 5.200532913208008) (8.255945205688477 2.916062068194151 5.404475212097168) (8.255945205688477 2.916062068194151 5.608417987823486) (8.255945205688477 2.916062068194151 5.812359809875488) (8.458866119384766 2.916062068194151 0.10197123885154724) (8.458866119384766 2.916062068194151 0.30591374635696411) (8.458866119384766 2.916062068194151 0.50985622406005859) (8.458866119384766 2.916062068194151 0.7137986421585083) (8.458866119384766 2.916062068194151 0.91774111986160278) (8.458866119384766 2.916062068194151 1.1216835975646973) (8.458866119384766 2.916062068194151 1.325626015663147) (8.458866119384766 2.916062068194151 1.5295684337615967) (8.458866119384766 2.916062068194151 1.7335110902786255) (8.458866119384766 2.916062068194151 1.9374533891677856) (8.458866119384766 2.916062068194151 2.1413960456848145) (8.458866119384766 2.916062068194151 2.3453383445739746) (8.458866119384766 2.916062068194151 2.549280881881714) (8.458866119384766 2.916062068194151 2.753223180770874) (8.458866119384766 2.916062068194151 2.9571657180786133) (8.458866119384766 2.916062068194151 3.1611084938049316) (8.458866119384766 2.916062068194151 3.365050792694092) (8.458866119384766 2.916062068194151 3.568993091583252) (8.458866119384766 2.916062068194151 3.772935628890991) (8.458866119384766 2.916062068194151 3.9768781661987305) (8.458866119384766 2.916062068194151 4.180820941925049) (8.458866119384766 2.916062068194151 4.384763240814209) (8.458866119384766 2.916062068194151 4.588705539703369) (8.458866119384766 2.916062068194151 4.7926483154296875) (8.458866119384766 2.916062068194151 4.996590614318848) (8.458866119384766 2.916062068194151 5.200532913208008) (8.458866119384766 2.916062068194151 5.404475212097168) (8.458866119384766 2.916062068194151 5.608417987823486) (8.458866119384766 2.916062068194151 5.812359809875488) (8.661786079406738 2.916062068194151 0.10197123885154724) (8.661786079406738 2.916062068194151 0.30591374635696411) (8.661786079406738 2.916062068194151 0.50985622406005859) (8.661786079406738 2.916062068194151 0.7137986421585083) (8.661786079406738 2.916062068194151 0.91774111986160278) (8.661786079406738 2.916062068194151 1.1216835975646973) (8.661786079406738 2.916062068194151 1.325626015663147) (8.661786079406738 2.916062068194151 1.5295684337615967) (8.661786079406738 2.916062068194151 1.7335110902786255) (8.661786079406738 2.916062068194151 1.9374533891677856) (8.661786079406738 2.916062068194151 2.1413960456848145) (8.661786079406738 2.916062068194151 2.3453383445739746) (8.661786079406738 2.916062068194151 2.549280881881714) (8.661786079406738 2.916062068194151 2.753223180770874) (8.661786079406738 2.916062068194151 2.9571657180786133) (8.661786079406738 2.916062068194151 3.1611084938049316) (8.661786079406738 2.916062068194151 3.365050792694092) (8.661786079406738 2.916062068194151 3.568993091583252) (8.661786079406738 2.916062068194151 3.772935628890991) (8.661786079406738 2.916062068194151 3.9768781661987305) (8.661786079406738 2.916062068194151 4.180820941925049) (8.661786079406738 2.916062068194151 4.384763240814209) (8.661786079406738 2.916062068194151 4.588705539703369) (8.661786079406738 2.916062068194151 4.7926483154296875) (8.661786079406738 2.916062068194151 4.996590614318848) (8.661786079406738 2.916062068194151 5.200532913208008) (8.661786079406738 2.916062068194151 5.404475212097168) (8.661786079406738 2.916062068194151 5.608417987823486) (8.661786079406738 2.916062068194151 5.812359809875488) (8.864706039428711 2.916062068194151 0.10197123885154724) (8.864706039428711 2.916062068194151 0.30591374635696411) (8.864706039428711 2.916062068194151 0.50985622406005859) (8.864706039428711 2.916062068194151 0.7137986421585083) (8.864706039428711 2.916062068194151 0.91774111986160278) (8.864706039428711 2.916062068194151 1.1216835975646973) (8.864706039428711 2.916062068194151 1.325626015663147) (8.864706039428711 2.916062068194151 1.5295684337615967) (8.864706039428711 2.916062068194151 1.7335110902786255) (8.864706039428711 2.916062068194151 1.9374533891677856) (8.864706039428711 2.916062068194151 2.1413960456848145) (8.864706039428711 2.916062068194151 2.3453383445739746) (8.864706039428711 2.916062068194151 2.549280881881714) (8.864706039428711 2.916062068194151 2.753223180770874) (8.864706039428711 2.916062068194151 2.9571657180786133) (8.864706039428711 2.916062068194151 3.1611084938049316) (8.864706039428711 2.916062068194151 3.365050792694092) (8.864706039428711 2.916062068194151 3.568993091583252) (8.864706039428711 2.916062068194151 3.772935628890991) (8.864706039428711 2.916062068194151 3.9768781661987305) (8.864706039428711 2.916062068194151 4.180820941925049) (8.864706039428711 2.916062068194151 4.384763240814209) (8.864706039428711 2.916062068194151 4.588705539703369) (8.864706039428711 2.916062068194151 4.7926483154296875) (8.864706039428711 2.916062068194151 4.996590614318848) (8.864706039428711 2.916062068194151 5.200532913208008) (8.864706039428711 2.916062068194151 5.404475212097168) (8.864706039428711 2.916062068194151 5.608417987823486) (8.864706039428711 2.916062068194151 5.812359809875488));

        writeControl		timeStep;

        writeInterval		1;

    }

}