/*--------------------------------*- C++ -*----------------------------------*\
| =========                 |                                                 |
| \\      /  F ield         | OpenFOAM: The Open Source CFD Toolbox           |
|  \\    /   O peration     | Version:  v1606+                                |
|   \\  /    A nd           | Web:      www.OpenFOAM.org                      |
|    \\/     M anipulation  |                                                 |
\*---------------------------------------------------------------------------*/
/*Generated by Butterfly 0.0.3 https://github.com/mostaphaRoudsari/Butterfly *\
\*---------------------------------------------------------------------------*/

functions
{

    probes
    {

        functionObjectLibs		("libsampling.so");

        type		probes;

        name		probes;

        fields		(T U);

        probeLocations		((5.050000000745058 1.25 0.25) (5.050000000745058 1.25 0.75) (5.050000000745058 1.25 1.25) (5.050000000745058 1.25 1.75) (5.050000000745058 1.25 2.25) (5.050000000745058 1.25 2.75) (5.050000000745058 1.25 3.25) (5.050000000745058 1.25 3.75) (5.050000000745058 1.25 4.25) (5.050000000745058 1.25 4.75) (5.050000000745058 1.25 5.25) (5.050000000745058 1.25 5.75) (5.050000000745058 1.25 6.25) (5.050000000745058 1.25 6.75) (5.050000000745058 1.25 7.25) (5.050000000745058 1.25 7.75) (5.050000000745058 1.25 8.25) (5.050000000745058 1.25 8.75) (5.050000000745058 1.75 0.25) (5.050000000745058 1.75 0.75) (5.050000000745058 1.75 1.25) (5.050000000745058 1.75 1.75) (5.050000000745058 1.75 2.25) (5.050000000745058 1.75 2.75) (5.050000000745058 1.75 3.25) (5.050000000745058 1.75 3.75) (5.050000000745058 1.75 4.25) (5.050000000745058 1.75 4.75) (5.050000000745058 1.75 5.25) (5.050000000745058 1.75 5.75) (5.050000000745058 1.75 6.25) (5.050000000745058 1.75 6.75) (5.050000000745058 1.75 7.25) (5.050000000745058 1.75 7.75) (5.050000000745058 1.75 8.25) (5.050000000745058 1.75 8.75) (5.050000000745058 2.25 0.25) (5.050000000745058 2.25 0.75) (5.050000000745058 2.25 1.25) (5.050000000745058 2.25 1.75) (5.050000000745058 2.25 2.25) (5.050000000745058 2.25 2.75) (5.050000000745058 2.25 3.25) (5.050000000745058 2.25 3.75) (5.050000000745058 2.25 4.25) (5.050000000745058 2.25 4.75) (5.050000000745058 2.25 5.25) (5.050000000745058 2.25 5.75) (5.050000000745058 2.25 6.25) (5.050000000745058 2.25 6.75) (5.050000000745058 2.25 7.25) (5.050000000745058 2.25 7.75) (5.050000000745058 2.25 8.25) (5.050000000745058 2.25 8.75) (5.050000000745058 2.75 0.25) (5.050000000745058 2.75 0.75) (5.050000000745058 2.75 1.25) (5.050000000745058 2.75 1.75) (5.050000000745058 2.75 2.25) (5.050000000745058 2.75 2.75) (5.050000000745058 2.75 3.25) (5.050000000745058 2.75 3.75) (5.050000000745058 2.75 4.25) (5.050000000745058 2.75 4.75) (5.050000000745058 2.75 5.25) (5.050000000745058 2.75 5.75) (5.050000000745058 2.75 6.25) (5.050000000745058 2.75 6.75) (5.050000000745058 2.75 7.25) (5.050000000745058 2.75 7.75) (5.050000000745058 2.75 8.25) (5.050000000745058 2.75 8.75) (5.050000000745058 3.25 0.25) (5.050000000745058 3.25 0.75) (5.050000000745058 3.25 1.25) (5.050000000745058 3.25 1.75) (5.050000000745058 3.25 2.25) (5.050000000745058 3.25 2.75) (5.050000000745058 3.25 3.25) (5.050000000745058 3.25 3.75) (5.050000000745058 3.25 4.25) (5.050000000745058 3.25 4.75) (5.050000000745058 3.25 5.25) (5.050000000745058 3.25 5.75) (5.050000000745058 3.25 6.25) (5.050000000745058 3.25 6.75) (5.050000000745058 3.25 7.25) (5.050000000745058 3.25 7.75) (5.050000000745058 3.25 8.25) (5.050000000745058 3.25 8.75) (5.050000000745058 3.75 0.25) (5.050000000745058 3.75 0.75) (5.050000000745058 3.75 1.25) (5.050000000745058 3.75 1.75) (5.050000000745058 3.75 2.25) (5.050000000745058 3.75 2.75) (5.050000000745058 3.75 3.25) (5.050000000745058 3.75 3.75) (5.050000000745058 3.75 4.25) (5.050000000745058 3.75 4.75) (5.050000000745058 3.75 5.25) (5.050000000745058 3.75 5.75) (5.050000000745058 3.75 6.25) (5.050000000745058 3.75 6.75) (5.050000000745058 3.75 7.25) (5.050000000745058 3.75 7.75) (5.050000000745058 3.75 8.25) (5.050000000745058 3.75 8.75) (5.050000000745058 4.25 0.25) (5.050000000745058 4.25 0.75) (5.050000000745058 4.25 1.25) (5.050000000745058 4.25 1.75) (5.050000000745058 4.25 2.25) (5.050000000745058 4.25 2.75) (5.050000000745058 4.25 3.25) (5.050000000745058 4.25 3.75) (5.050000000745058 4.25 4.25) (5.050000000745058 4.25 4.75) (5.050000000745058 4.25 5.25) (5.050000000745058 4.25 5.75) (5.050000000745058 4.25 6.25) (5.050000000745058 4.25 6.75) (5.050000000745058 4.25 7.25) (5.050000000745058 4.25 7.75) (5.050000000745058 4.25 8.25) (5.050000000745058 4.25 8.75) (5.050000000745058 4.75 0.25) (5.050000000745058 4.75 0.75) (5.050000000745058 4.75 1.25) (5.050000000745058 4.75 1.75) (5.050000000745058 4.75 2.25) (5.050000000745058 4.75 2.75) (5.050000000745058 4.75 3.25) (5.050000000745058 4.75 3.75) (5.050000000745058 4.75 4.25) (5.050000000745058 4.75 4.75) (5.050000000745058 4.75 5.25) (5.050000000745058 4.75 5.75) (5.050000000745058 4.75 6.25) (5.050000000745058 4.75 6.75) (5.050000000745058 4.75 7.25) (5.050000000745058 4.75 7.75) (5.050000000745058 4.75 8.25) (5.050000000745058 4.75 8.75) (5.050000000745058 5.25 0.25) (5.050000000745058 5.25 0.75) (5.050000000745058 5.25 1.25) (5.050000000745058 5.25 1.75) (5.050000000745058 5.25 2.25) (5.050000000745058 5.25 2.75) (5.050000000745058 5.25 3.25) (5.050000000745058 5.25 3.75) (5.050000000745058 5.25 4.25) (5.050000000745058 5.25 4.75) (5.050000000745058 5.25 5.25) (5.050000000745058 5.25 5.75) (5.050000000745058 5.25 6.25) (5.050000000745058 5.25 6.75) (5.050000000745058 5.25 7.25) (5.050000000745058 5.25 7.75) (5.050000000745058 5.25 8.25) (5.050000000745058 5.25 8.75) (5.050000000745058 5.75 0.25) (5.050000000745058 5.75 0.75) (5.050000000745058 5.75 1.25) (5.050000000745058 5.75 1.75) (5.050000000745058 5.75 2.25) (5.050000000745058 5.75 2.75) (5.050000000745058 5.75 3.25) (5.050000000745058 5.75 3.75) (5.050000000745058 5.75 4.25) (5.050000000745058 5.75 4.75) (5.050000000745058 5.75 5.25) (5.050000000745058 5.75 5.75) (5.050000000745058 5.75 6.25) (5.050000000745058 5.75 6.75) (5.050000000745058 5.75 7.25) (5.050000000745058 5.75 7.75) (5.050000000745058 5.75 8.25) (5.050000000745058 5.75 8.75) (5.050000000745058 6.25 0.25) (5.050000000745058 6.25 0.75) (5.050000000745058 6.25 1.25) (5.050000000745058 6.25 1.75) (5.050000000745058 6.25 2.25) (5.050000000745058 6.25 2.75) (5.050000000745058 6.25 3.25) (5.050000000745058 6.25 3.75) (5.050000000745058 6.25 4.25) (5.050000000745058 6.25 4.75) (5.050000000745058 6.25 5.25) (5.050000000745058 6.25 5.75) (5.050000000745058 6.25 6.25) (5.050000000745058 6.25 6.75) (5.050000000745058 6.25 7.25) (5.050000000745058 6.25 7.75) (5.050000000745058 6.25 8.25) (5.050000000745058 6.25 8.75) (5.050000000745058 6.75 0.25) (5.050000000745058 6.75 0.75) (5.050000000745058 6.75 1.25) (5.050000000745058 6.75 1.75) (5.050000000745058 6.75 2.25) (5.050000000745058 6.75 2.75) (5.050000000745058 6.75 3.25) (5.050000000745058 6.75 3.75) (5.050000000745058 6.75 4.25) (5.050000000745058 6.75 4.75) (5.050000000745058 6.75 5.25) (5.050000000745058 6.75 5.75) (5.050000000745058 6.75 6.25) (5.050000000745058 6.75 6.75) (5.050000000745058 6.75 7.25) (5.050000000745058 6.75 7.75) (5.050000000745058 6.75 8.25) (5.050000000745058 6.75 8.75) (5.050000000745058 7.25 0.25) (5.050000000745058 7.25 0.75) (5.050000000745058 7.25 1.25) (5.050000000745058 7.25 1.75) (5.050000000745058 7.25 2.25) (5.050000000745058 7.25 2.75) (5.050000000745058 7.25 3.25) (5.050000000745058 7.25 3.75) (5.050000000745058 7.25 4.25) (5.050000000745058 7.25 4.75) (5.050000000745058 7.25 5.25) (5.050000000745058 7.25 5.75) (5.050000000745058 7.25 6.25) (5.050000000745058 7.25 6.75) (5.050000000745058 7.25 7.25) (5.050000000745058 7.25 7.75) (5.050000000745058 7.25 8.25) (5.050000000745058 7.25 8.75) (5.050000000745058 7.75 0.25) (5.050000000745058 7.75 0.75) (5.050000000745058 7.75 1.25) (5.050000000745058 7.75 1.75) (5.050000000745058 7.75 2.25) (5.050000000745058 7.75 2.75) (5.050000000745058 7.75 3.25) (5.050000000745058 7.75 3.75) (5.050000000745058 7.75 4.25) (5.050000000745058 7.75 4.75) (5.050000000745058 7.75 5.25) (5.050000000745058 7.75 5.75) (5.050000000745058 7.75 6.25) (5.050000000745058 7.75 6.75) (5.050000000745058 7.75 7.25) (5.050000000745058 7.75 7.75) (5.050000000745058 7.75 8.25) (5.050000000745058 7.75 8.75) (5.050000000745058 8.25 0.25) (5.050000000745058 8.25 0.75) (5.050000000745058 8.25 1.25) (5.050000000745058 8.25 1.75) (5.050000000745058 8.25 2.25) (5.050000000745058 8.25 2.75) (5.050000000745058 8.25 3.25) (5.050000000745058 8.25 3.75) (5.050000000745058 8.25 4.25) (5.050000000745058 8.25 4.75) (5.050000000745058 8.25 5.25) (5.050000000745058 8.25 5.75) (5.050000000745058 8.25 6.25) (5.050000000745058 8.25 6.75) (5.050000000745058 8.25 7.25) (5.050000000745058 8.25 7.75) (5.050000000745058 8.25 8.25) (5.050000000745058 8.25 8.75) (5.050000000745058 8.75 0.25) (5.050000000745058 8.75 0.75) (5.050000000745058 8.75 1.25) (5.050000000745058 8.75 1.75) (5.050000000745058 8.75 2.25) (5.050000000745058 8.75 2.75) (5.050000000745058 8.75 3.25) (5.050000000745058 8.75 3.75) (5.050000000745058 8.75 4.25) (5.050000000745058 8.75 4.75) (5.050000000745058 8.75 5.25) (5.050000000745058 8.75 5.75) (5.050000000745058 8.75 6.25) (5.050000000745058 8.75 6.75) (5.050000000745058 8.75 7.25) (5.050000000745058 8.75 7.75) (5.050000000745058 8.75 8.25) (5.050000000745058 8.75 8.75) (1.25 4.949999999254942 0.25) (1.25 4.949999999254942 0.75) (1.25 4.949999999254942 1.25) (1.25 4.949999999254942 1.75) (1.25 4.949999999254942 2.25) (1.25 4.949999999254942 2.75) (1.25 4.949999999254942 3.25) (1.25 4.949999999254942 3.75) (1.25 4.949999999254942 4.25) (1.25 4.949999999254942 4.75) (1.25 4.949999999254942 5.25) (1.25 4.949999999254942 5.75) (1.25 4.949999999254942 6.25) (1.25 4.949999999254942 6.75) (1.25 4.949999999254942 7.25) (1.25 4.949999999254942 7.75) (1.25 4.949999999254942 8.25) (1.25 4.949999999254942 8.75) (1.75 4.949999999254942 0.25) (1.75 4.949999999254942 0.75) (1.75 4.949999999254942 1.25) (1.75 4.949999999254942 1.75) (1.75 4.949999999254942 2.25) (1.75 4.949999999254942 2.75) (1.75 4.949999999254942 3.25) (1.75 4.949999999254942 3.75) (1.75 4.949999999254942 4.25) (1.75 4.949999999254942 4.75) (1.75 4.949999999254942 5.25) (1.75 4.949999999254942 5.75) (1.75 4.949999999254942 6.25) (1.75 4.949999999254942 6.75) (1.75 4.949999999254942 7.25) (1.75 4.949999999254942 7.75) (1.75 4.949999999254942 8.25) (1.75 4.949999999254942 8.75) (2.25 4.949999999254942 0.25) (2.25 4.949999999254942 0.75) (2.25 4.949999999254942 1.25) (2.25 4.949999999254942 1.75) (2.25 4.949999999254942 2.25) (2.25 4.949999999254942 2.75) (2.25 4.949999999254942 3.25) (2.25 4.949999999254942 3.75) (2.25 4.949999999254942 4.25) (2.25 4.949999999254942 4.75) (2.25 4.949999999254942 5.25) (2.25 4.949999999254942 5.75) (2.25 4.949999999254942 6.25) (2.25 4.949999999254942 6.75) (2.25 4.949999999254942 7.25) (2.25 4.949999999254942 7.75) (2.25 4.949999999254942 8.25) (2.25 4.949999999254942 8.75) (2.75 4.949999999254942 0.25) (2.75 4.949999999254942 0.75) (2.75 4.949999999254942 1.25) (2.75 4.949999999254942 1.75) (2.75 4.949999999254942 2.25) (2.75 4.949999999254942 2.75) (2.75 4.949999999254942 3.25) (2.75 4.949999999254942 3.75) (2.75 4.949999999254942 4.25) (2.75 4.949999999254942 4.75) (2.75 4.949999999254942 5.25) (2.75 4.949999999254942 5.75) (2.75 4.949999999254942 6.25) (2.75 4.949999999254942 6.75) (2.75 4.949999999254942 7.25) (2.75 4.949999999254942 7.75) (2.75 4.949999999254942 8.25) (2.75 4.949999999254942 8.75) (3.25 4.949999999254942 0.25) (3.25 4.949999999254942 0.75) (3.25 4.949999999254942 1.25) (3.25 4.949999999254942 1.75) (3.25 4.949999999254942 2.25) (3.25 4.949999999254942 2.75) (3.25 4.949999999254942 3.25) (3.25 4.949999999254942 3.75) (3.25 4.949999999254942 4.25) (3.25 4.949999999254942 4.75) (3.25 4.949999999254942 5.25) (3.25 4.949999999254942 5.75) (3.25 4.949999999254942 6.25) (3.25 4.949999999254942 6.75) (3.25 4.949999999254942 7.25) (3.25 4.949999999254942 7.75) (3.25 4.949999999254942 8.25) (3.25 4.949999999254942 8.75) (3.75 4.949999999254942 0.25) (3.75 4.949999999254942 0.75) (3.75 4.949999999254942 1.25) (3.75 4.949999999254942 1.75) (3.75 4.949999999254942 2.25) (3.75 4.949999999254942 2.75) (3.75 4.949999999254942 3.25) (3.75 4.949999999254942 3.75) (3.75 4.949999999254942 4.25) (3.75 4.949999999254942 4.75) (3.75 4.949999999254942 5.25) (3.75 4.949999999254942 5.75) (3.75 4.949999999254942 6.25) (3.75 4.949999999254942 6.75) (3.75 4.949999999254942 7.25) (3.75 4.949999999254942 7.75) (3.75 4.949999999254942 8.25) (3.75 4.949999999254942 8.75) (4.25 4.949999999254942 0.25) (4.25 4.949999999254942 0.75) (4.25 4.949999999254942 1.25) (4.25 4.949999999254942 1.75) (4.25 4.949999999254942 2.25) (4.25 4.949999999254942 2.75) (4.25 4.949999999254942 3.25) (4.25 4.949999999254942 3.75) (4.25 4.949999999254942 4.25) (4.25 4.949999999254942 4.75) (4.25 4.949999999254942 5.25) (4.25 4.949999999254942 5.75) (4.25 4.949999999254942 6.25) (4.25 4.949999999254942 6.75) (4.25 4.949999999254942 7.25) (4.25 4.949999999254942 7.75) (4.25 4.949999999254942 8.25) (4.25 4.949999999254942 8.75) (4.75 4.949999999254942 0.25) (4.75 4.949999999254942 0.75) (4.75 4.949999999254942 1.25) (4.75 4.949999999254942 1.75) (4.75 4.949999999254942 2.25) (4.75 4.949999999254942 2.75) (4.75 4.949999999254942 3.25) (4.75 4.949999999254942 3.75) (4.75 4.949999999254942 4.25) (4.75 4.949999999254942 4.75) (4.75 4.949999999254942 5.25) (4.75 4.949999999254942 5.75) (4.75 4.949999999254942 6.25) (4.75 4.949999999254942 6.75) (4.75 4.949999999254942 7.25) (4.75 4.949999999254942 7.75) (4.75 4.949999999254942 8.25) (4.75 4.949999999254942 8.75) (5.25 4.949999999254942 0.25) (5.25 4.949999999254942 0.75) (5.25 4.949999999254942 1.25) (5.25 4.949999999254942 1.75) (5.25 4.949999999254942 2.25) (5.25 4.949999999254942 2.75) (5.25 4.949999999254942 3.25) (5.25 4.949999999254942 3.75) (5.25 4.949999999254942 4.25) (5.25 4.949999999254942 4.75) (5.25 4.949999999254942 5.25) (5.25 4.949999999254942 5.75) (5.25 4.949999999254942 6.25) (5.25 4.949999999254942 6.75) (5.25 4.949999999254942 7.25) (5.25 4.949999999254942 7.75) (5.25 4.949999999254942 8.25) (5.25 4.949999999254942 8.75) (5.75 4.949999999254942 0.25) (5.75 4.949999999254942 0.75) (5.75 4.949999999254942 1.25) (5.75 4.949999999254942 1.75) (5.75 4.949999999254942 2.25) (5.75 4.949999999254942 2.75) (5.75 4.949999999254942 3.25) (5.75 4.949999999254942 3.75) (5.75 4.949999999254942 4.25) (5.75 4.949999999254942 4.75) (5.75 4.949999999254942 5.25) (5.75 4.949999999254942 5.75) (5.75 4.949999999254942 6.25) (5.75 4.949999999254942 6.75) (5.75 4.949999999254942 7.25) (5.75 4.949999999254942 7.75) (5.75 4.949999999254942 8.25) (5.75 4.949999999254942 8.75) (6.25 4.949999999254942 0.25) (6.25 4.949999999254942 0.75) (6.25 4.949999999254942 1.25) (6.25 4.949999999254942 1.75) (6.25 4.949999999254942 2.25) (6.25 4.949999999254942 2.75) (6.25 4.949999999254942 3.25) (6.25 4.949999999254942 3.75) (6.25 4.949999999254942 4.25) (6.25 4.949999999254942 4.75) (6.25 4.949999999254942 5.25) (6.25 4.949999999254942 5.75) (6.25 4.949999999254942 6.25) (6.25 4.949999999254942 6.75) (6.25 4.949999999254942 7.25) (6.25 4.949999999254942 7.75) (6.25 4.949999999254942 8.25) (6.25 4.949999999254942 8.75) (6.75 4.949999999254942 0.25) (6.75 4.949999999254942 0.75) (6.75 4.949999999254942 1.25) (6.75 4.949999999254942 1.75) (6.75 4.949999999254942 2.25) (6.75 4.949999999254942 2.75) (6.75 4.949999999254942 3.25) (6.75 4.949999999254942 3.75) (6.75 4.949999999254942 4.25) (6.75 4.949999999254942 4.75) (6.75 4.949999999254942 5.25) (6.75 4.949999999254942 5.75) (6.75 4.949999999254942 6.25) (6.75 4.949999999254942 6.75) (6.75 4.949999999254942 7.25) (6.75 4.949999999254942 7.75) (6.75 4.949999999254942 8.25) (6.75 4.949999999254942 8.75) (7.25 4.949999999254942 0.25) (7.25 4.949999999254942 0.75) (7.25 4.949999999254942 1.25) (7.25 4.949999999254942 1.75) (7.25 4.949999999254942 2.25) (7.25 4.949999999254942 2.75) (7.25 4.949999999254942 3.25) (7.25 4.949999999254942 3.75) (7.25 4.949999999254942 4.25) (7.25 4.949999999254942 4.75) (7.25 4.949999999254942 5.25) (7.25 4.949999999254942 5.75) (7.25 4.949999999254942 6.25) (7.25 4.949999999254942 6.75) (7.25 4.949999999254942 7.25) (7.25 4.949999999254942 7.75) (7.25 4.949999999254942 8.25) (7.25 4.949999999254942 8.75) (7.75 4.949999999254942 0.25) (7.75 4.949999999254942 0.75) (7.75 4.949999999254942 1.25) (7.75 4.949999999254942 1.75) (7.75 4.949999999254942 2.25) (7.75 4.949999999254942 2.75) (7.75 4.949999999254942 3.25) (7.75 4.949999999254942 3.75) (7.75 4.949999999254942 4.25) (7.75 4.949999999254942 4.75) (7.75 4.949999999254942 5.25) (7.75 4.949999999254942 5.75) (7.75 4.949999999254942 6.25) (7.75 4.949999999254942 6.75) (7.75 4.949999999254942 7.25) (7.75 4.949999999254942 7.75) (7.75 4.949999999254942 8.25) (7.75 4.949999999254942 8.75) (8.25 4.949999999254942 0.25) (8.25 4.949999999254942 0.75) (8.25 4.949999999254942 1.25) (8.25 4.949999999254942 1.75) (8.25 4.949999999254942 2.25) (8.25 4.949999999254942 2.75) (8.25 4.949999999254942 3.25) (8.25 4.949999999254942 3.75) (8.25 4.949999999254942 4.25) (8.25 4.949999999254942 4.75) (8.25 4.949999999254942 5.25) (8.25 4.949999999254942 5.75) (8.25 4.949999999254942 6.25) (8.25 4.949999999254942 6.75) (8.25 4.949999999254942 7.25) (8.25 4.949999999254942 7.75) (8.25 4.949999999254942 8.25) (8.25 4.949999999254942 8.75) (8.75 4.949999999254942 0.25) (8.75 4.949999999254942 0.75) (8.75 4.949999999254942 1.25) (8.75 4.949999999254942 1.75) (8.75 4.949999999254942 2.25) (8.75 4.949999999254942 2.75) (8.75 4.949999999254942 3.25) (8.75 4.949999999254942 3.75) (8.75 4.949999999254942 4.25) (8.75 4.949999999254942 4.75) (8.75 4.949999999254942 5.25) (8.75 4.949999999254942 5.75) (8.75 4.949999999254942 6.25) (8.75 4.949999999254942 6.75) (8.75 4.949999999254942 7.25) (8.75 4.949999999254942 7.75) (8.75 4.949999999254942 8.25) (8.75 4.949999999254942 8.75));

        writeControl		timeStep;

        writeInterval		1;

    }

}