
functions
{

    probes
    {

        functionObjectLibs		("libsampling.so");

        type		probes;

        name		probes;

        fields		(p U);

        probeLocations		((-0.89446884393692017 5.179535865783691 1.2100000474601984) (-0.89446884393692017 6.1989922523498535 1.2100000474601984) (-0.89446884393692017 7.218448638916016 1.2100000474601984) (-0.89446884393692017 8.23790454864502 1.2100000474601984) (-0.89446884393692017 9.257360458374023 1.2100000474601984) (-0.89446884393692017 10.276817321777344 1.2100000474601984) (-0.89446884393692017 11.296272277832031 1.2100000474601984) (-0.89446884393692017 12.315729141235352 1.2100000474601984) (-0.89446884393692017 13.335186004638672 1.2100000474601984) (-0.89446884393692017 14.354641914367676 1.2100000474601984) (-0.89446884393692017 15.374096870422363 1.2100000474601984) (-0.89446884393692017 16.3935546875 1.2100000474601984) (-0.89446884393692017 17.413009643554688 1.2100000474601984) (-0.89446884393692017 18.432464599609375 1.2100000474601984) (-0.89446884393692017 19.451921463012695 1.2100000474601984) (-0.89446884393692017 20.471378326416016 1.2100000474601984) (-0.89446884393692017 21.490833282470703 1.2100000474601984) (-0.89446884393692017 22.510292053222656 1.2100000474601984) (-0.89446884393692017 23.529747009277344 1.2100000474601984) (-0.89446884393692017 24.549201965332031 1.2100000474601984) (-0.89446884393692017 25.568658828735352 1.2100000474601984) (-0.89446884393692017 26.588113784790039 1.2100000474601984) (-0.89446884393692017 27.607570648193359 1.2100000474601984) (-0.89446884393692017 28.62702751159668 1.2100000474601984) (-0.89446884393692017 29.646484375 1.2100000474601984) (-0.89446884393692017 30.66594123840332 1.2100000474601984) (-0.89446884393692017 31.685396194458008 1.2100000474601984) (-0.89446884393692017 32.704853057861328 1.2100000474601984) (-0.89446884393692017 33.724308013916016 1.2100000474601984) (-0.89446884393692017 34.7437629699707 1.2100000474601984) (-0.89446884393692017 35.763221740722656 1.2100000474601984) (-0.89446884393692017 36.782676696777344 1.2100000474601984) (-0.89446884393692017 37.802131652832031 1.2100000474601984) (-0.89446884393692017 38.821586608886719 1.2100000474601984) (-0.89446884393692017 39.841045379638672 1.2100000474601984) (-0.89446884393692017 40.860500335693359 1.2100000474601984) (-0.89446884393692017 41.879955291748047 1.2100000474601984) (-0.89446884393692017 42.8994140625 1.2100000474601984) (-0.89446884393692017 43.918869018554687 1.2100000474601984) (-0.89446884393692017 44.938323974609375 1.2100000474601984) (0.12879937887191772 5.179535865783691 1.2100000474601984) (0.12879937887191772 6.1989922523498535 1.2100000474601984) (0.12879937887191772 7.218448638916016 1.2100000474601984) (0.12879937887191772 8.23790454864502 1.2100000474601984) (0.12879937887191772 9.257360458374023 1.2100000474601984) (0.12879937887191772 10.276817321777344 1.2100000474601984) (0.12879937887191772 11.296272277832031 1.2100000474601984) (0.12879937887191772 12.315729141235352 1.2100000474601984) (0.12879937887191772 13.335186004638672 1.2100000474601984) (0.12879937887191772 14.354641914367676 1.2100000474601984) (0.12879937887191772 15.374096870422363 1.2100000474601984) (0.12879937887191772 16.3935546875 1.2100000474601984) (0.12879937887191772 17.413009643554688 1.2100000474601984) (0.12879937887191772 18.432464599609375 1.2100000474601984) (0.12879937887191772 19.451921463012695 1.2100000474601984) (0.12879937887191772 20.471378326416016 1.2100000474601984) (0.12879937887191772 21.490833282470703 1.2100000474601984) (0.12879937887191772 22.510292053222656 1.2100000474601984) (0.12879937887191772 23.529747009277344 1.2100000474601984) (0.12879937887191772 24.549201965332031 1.2100000474601984) (0.12879937887191772 25.568658828735352 1.2100000474601984) (0.12879937887191772 26.588113784790039 1.2100000474601984) (0.12879937887191772 27.607570648193359 1.2100000474601984) (0.12879937887191772 28.62702751159668 1.2100000474601984) (0.12879937887191772 29.646484375 1.2100000474601984) (0.12879937887191772 30.66594123840332 1.2100000474601984) (0.12879937887191772 31.685396194458008 1.2100000474601984) (0.12879937887191772 32.704853057861328 1.2100000474601984) (0.12879937887191772 33.724308013916016 1.2100000474601984) (0.12879937887191772 34.7437629699707 1.2100000474601984) (0.12879937887191772 35.763221740722656 1.2100000474601984) (0.12879937887191772 36.782676696777344 1.2100000474601984) (0.12879937887191772 37.802131652832031 1.2100000474601984) (0.12879937887191772 38.821586608886719 1.2100000474601984) (0.12879937887191772 39.841045379638672 1.2100000474601984) (0.12879937887191772 40.860500335693359 1.2100000474601984) (0.12879937887191772 41.879955291748047 1.2100000474601984) (0.12879937887191772 42.8994140625 1.2100000474601984) (0.12879937887191772 43.918869018554687 1.2100000474601984) (0.12879937887191772 44.938323974609375 1.2100000474601984) (1.1520676612854004 5.179535865783691 1.2100000474601984) (1.1520676612854004 6.1989922523498535 1.2100000474601984) (1.1520676612854004 7.218448638916016 1.2100000474601984) (1.1520676612854004 8.23790454864502 1.2100000474601984) (1.1520676612854004 9.257360458374023 1.2100000474601984) (1.1520676612854004 10.276817321777344 1.2100000474601984) (1.1520676612854004 11.296272277832031 1.2100000474601984) (1.1520676612854004 12.315729141235352 1.2100000474601984) (1.1520676612854004 13.335186004638672 1.2100000474601984) (1.1520676612854004 14.354641914367676 1.2100000474601984) (1.1520676612854004 15.374096870422363 1.2100000474601984) (1.1520676612854004 16.3935546875 1.2100000474601984) (1.1520676612854004 17.413009643554688 1.2100000474601984) (1.1520676612854004 18.432464599609375 1.2100000474601984) (1.1520676612854004 19.451921463012695 1.2100000474601984) (1.1520676612854004 20.471378326416016 1.2100000474601984) (1.1520676612854004 21.490833282470703 1.2100000474601984) (1.1520676612854004 22.510292053222656 1.2100000474601984) (1.1520676612854004 23.529747009277344 1.2100000474601984) (1.1520676612854004 24.549201965332031 1.2100000474601984) (1.1520676612854004 25.568658828735352 1.2100000474601984) (1.1520676612854004 26.588113784790039 1.2100000474601984) (1.1520676612854004 27.607570648193359 1.2100000474601984) (1.1520676612854004 28.62702751159668 1.2100000474601984) (1.1520676612854004 29.646484375 1.2100000474601984) (1.1520676612854004 30.66594123840332 1.2100000474601984) (1.1520676612854004 31.685396194458008 1.2100000474601984) (1.1520676612854004 32.704853057861328 1.2100000474601984) (1.1520676612854004 33.724308013916016 1.2100000474601984) (1.1520676612854004 34.7437629699707 1.2100000474601984) (1.1520676612854004 35.763221740722656 1.2100000474601984) (1.1520676612854004 36.782676696777344 1.2100000474601984) (1.1520676612854004 37.802131652832031 1.2100000474601984) (1.1520676612854004 38.821586608886719 1.2100000474601984) (1.1520676612854004 39.841045379638672 1.2100000474601984) (1.1520676612854004 40.860500335693359 1.2100000474601984) (1.1520676612854004 41.879955291748047 1.2100000474601984) (1.1520676612854004 42.8994140625 1.2100000474601984) (1.1520676612854004 43.918869018554687 1.2100000474601984) (1.1520676612854004 44.938323974609375 1.2100000474601984) (2.1753358840942383 5.179535865783691 1.2100000474601984) (2.1753358840942383 6.1989922523498535 1.2100000474601984) (2.1753358840942383 7.218448638916016 1.2100000474601984) (2.1753358840942383 8.23790454864502 1.2100000474601984) (2.1753358840942383 9.257360458374023 1.2100000474601984) (2.1753358840942383 10.276817321777344 1.2100000474601984) (2.1753358840942383 11.296272277832031 1.2100000474601984) (2.1753358840942383 12.315729141235352 1.2100000474601984) (2.1753358840942383 13.335186004638672 1.2100000474601984) (2.1753358840942383 14.354641914367676 1.2100000474601984) (2.1753358840942383 15.374096870422363 1.2100000474601984) (2.1753358840942383 16.3935546875 1.2100000474601984) (2.1753358840942383 17.413009643554688 1.2100000474601984) (2.1753358840942383 18.432464599609375 1.2100000474601984) (2.1753358840942383 19.451921463012695 1.2100000474601984) (2.1753358840942383 20.471378326416016 1.2100000474601984) (2.1753358840942383 21.490833282470703 1.2100000474601984) (2.1753358840942383 22.510292053222656 1.2100000474601984) (2.1753358840942383 23.529747009277344 1.2100000474601984) (2.1753358840942383 24.549201965332031 1.2100000474601984) (2.1753358840942383 25.568658828735352 1.2100000474601984) (2.1753358840942383 26.588113784790039 1.2100000474601984) (2.1753358840942383 27.607570648193359 1.2100000474601984) (2.1753358840942383 28.62702751159668 1.2100000474601984) (2.1753358840942383 29.646484375 1.2100000474601984) (2.1753358840942383 30.66594123840332 1.2100000474601984) (2.1753358840942383 31.685396194458008 1.2100000474601984) (2.1753358840942383 32.704853057861328 1.2100000474601984) (2.1753358840942383 33.724308013916016 1.2100000474601984) (2.1753358840942383 34.7437629699707 1.2100000474601984) (2.1753358840942383 35.763221740722656 1.2100000474601984) (2.1753358840942383 36.782676696777344 1.2100000474601984) (2.1753358840942383 37.802131652832031 1.2100000474601984) (2.1753358840942383 38.821586608886719 1.2100000474601984) (2.1753358840942383 39.841045379638672 1.2100000474601984) (2.1753358840942383 40.860500335693359 1.2100000474601984) (2.1753358840942383 41.879955291748047 1.2100000474601984) (2.1753358840942383 42.8994140625 1.2100000474601984) (2.1753358840942383 43.918869018554687 1.2100000474601984) (2.1753358840942383 44.938323974609375 1.2100000474601984) (3.198604106903076 5.179535865783691 1.2100000474601984) (3.198604106903076 6.1989922523498535 1.2100000474601984) (3.198604106903076 7.218448638916016 1.2100000474601984) (3.198604106903076 8.23790454864502 1.2100000474601984) (3.198604106903076 9.257360458374023 1.2100000474601984) (3.198604106903076 10.276817321777344 1.2100000474601984) (3.198604106903076 11.296272277832031 1.2100000474601984) (3.198604106903076 12.315729141235352 1.2100000474601984) (3.198604106903076 13.335186004638672 1.2100000474601984) (3.198604106903076 14.354641914367676 1.2100000474601984) (3.198604106903076 15.374096870422363 1.2100000474601984) (3.198604106903076 16.3935546875 1.2100000474601984) (3.198604106903076 17.413009643554688 1.2100000474601984) (3.198604106903076 18.432464599609375 1.2100000474601984) (3.198604106903076 19.451921463012695 1.2100000474601984) (3.198604106903076 20.471378326416016 1.2100000474601984) (3.198604106903076 21.490833282470703 1.2100000474601984) (3.198604106903076 22.510292053222656 1.2100000474601984) (3.198604106903076 23.529747009277344 1.2100000474601984) (3.198604106903076 24.549201965332031 1.2100000474601984) (3.198604106903076 25.568658828735352 1.2100000474601984) (3.198604106903076 26.588113784790039 1.2100000474601984) (3.198604106903076 27.607570648193359 1.2100000474601984) (3.198604106903076 28.62702751159668 1.2100000474601984) (3.198604106903076 29.646484375 1.2100000474601984) (3.198604106903076 30.66594123840332 1.2100000474601984) (3.198604106903076 31.685396194458008 1.2100000474601984) (3.198604106903076 32.704853057861328 1.2100000474601984) (3.198604106903076 33.724308013916016 1.2100000474601984) (3.198604106903076 34.7437629699707 1.2100000474601984) (3.198604106903076 35.763221740722656 1.2100000474601984) (3.198604106903076 36.782676696777344 1.2100000474601984) (3.198604106903076 37.802131652832031 1.2100000474601984) (3.198604106903076 38.821586608886719 1.2100000474601984) (3.198604106903076 39.841045379638672 1.2100000474601984) (3.198604106903076 40.860500335693359 1.2100000474601984) (3.198604106903076 41.879955291748047 1.2100000474601984) (3.198604106903076 42.8994140625 1.2100000474601984) (3.198604106903076 43.918869018554687 1.2100000474601984) (3.198604106903076 44.938323974609375 1.2100000474601984) (4.221872329711914 5.179535865783691 1.2100000474601984) (4.221872329711914 6.1989922523498535 1.2100000474601984) (4.221872329711914 7.218448638916016 1.2100000474601984) (4.221872329711914 8.23790454864502 1.2100000474601984) (4.221872329711914 9.257360458374023 1.2100000474601984) (4.221872329711914 10.276817321777344 1.2100000474601984) (4.221872329711914 11.296272277832031 1.2100000474601984) (4.221872329711914 12.315729141235352 1.2100000474601984) (4.221872329711914 13.335186004638672 1.2100000474601984) (4.221872329711914 14.354641914367676 1.2100000474601984) (4.221872329711914 15.374096870422363 1.2100000474601984) (4.221872329711914 16.3935546875 1.2100000474601984) (4.221872329711914 17.413009643554688 1.2100000474601984) (4.221872329711914 18.432464599609375 1.2100000474601984) (4.221872329711914 19.451921463012695 1.2100000474601984) (4.221872329711914 20.471378326416016 1.2100000474601984) (4.221872329711914 21.490833282470703 1.2100000474601984) (4.221872329711914 22.510292053222656 1.2100000474601984) (4.221872329711914 23.529747009277344 1.2100000474601984) (4.221872329711914 24.549201965332031 1.2100000474601984) (4.221872329711914 25.568658828735352 1.2100000474601984) (4.221872329711914 26.588113784790039 1.2100000474601984) (4.221872329711914 27.607570648193359 1.2100000474601984) (4.221872329711914 28.62702751159668 1.2100000474601984) (4.221872329711914 29.646484375 1.2100000474601984) (4.221872329711914 30.66594123840332 1.2100000474601984) (4.221872329711914 31.685396194458008 1.2100000474601984) (4.221872329711914 32.704853057861328 1.2100000474601984) (4.221872329711914 33.724308013916016 1.2100000474601984) (4.221872329711914 34.7437629699707 1.2100000474601984) (4.221872329711914 35.763221740722656 1.2100000474601984) (4.221872329711914 36.782676696777344 1.2100000474601984) (4.221872329711914 37.802131652832031 1.2100000474601984) (4.221872329711914 38.821586608886719 1.2100000474601984) (4.221872329711914 39.841045379638672 1.2100000474601984) (4.221872329711914 40.860500335693359 1.2100000474601984) (4.221872329711914 41.879955291748047 1.2100000474601984) (4.221872329711914 42.8994140625 1.2100000474601984) (4.221872329711914 43.918869018554687 1.2100000474601984) (4.221872329711914 44.938323974609375 1.2100000474601984) (5.245140075683594 5.179535865783691 1.2100000474601984) (5.245140075683594 6.1989922523498535 1.2100000474601984) (5.245140075683594 7.218448638916016 1.2100000474601984) (5.245140075683594 8.23790454864502 1.2100000474601984) (5.245140075683594 9.257360458374023 1.2100000474601984) (5.245140075683594 10.276817321777344 1.2100000474601984) (5.245140075683594 11.296272277832031 1.2100000474601984) (5.245140075683594 12.315729141235352 1.2100000474601984) (5.245140075683594 13.335186004638672 1.2100000474601984) (5.245140075683594 14.354641914367676 1.2100000474601984) (5.245140075683594 15.374096870422363 1.2100000474601984) (5.245140075683594 16.3935546875 1.2100000474601984) (5.245140075683594 17.413009643554688 1.2100000474601984) (5.245140075683594 18.432464599609375 1.2100000474601984) (5.245140075683594 19.451921463012695 1.2100000474601984) (5.245140075683594 20.471378326416016 1.2100000474601984) (5.245140075683594 21.490833282470703 1.2100000474601984) (5.245140075683594 22.510292053222656 1.2100000474601984) (5.245140075683594 23.529747009277344 1.2100000474601984) (5.245140075683594 24.549201965332031 1.2100000474601984) (5.245140075683594 25.568658828735352 1.2100000474601984) (5.245140075683594 26.588113784790039 1.2100000474601984) (5.245140075683594 27.607570648193359 1.2100000474601984) (5.245140075683594 28.62702751159668 1.2100000474601984) (5.245140075683594 29.646484375 1.2100000474601984) (5.245140075683594 30.66594123840332 1.2100000474601984) (5.245140075683594 31.685396194458008 1.2100000474601984) (5.245140075683594 32.704853057861328 1.2100000474601984) (5.245140075683594 33.724308013916016 1.2100000474601984) (5.245140075683594 34.7437629699707 1.2100000474601984) (5.245140075683594 35.763221740722656 1.2100000474601984) (5.245140075683594 36.782676696777344 1.2100000474601984) (5.245140075683594 37.802131652832031 1.2100000474601984) (5.245140075683594 38.821586608886719 1.2100000474601984) (5.245140075683594 39.841045379638672 1.2100000474601984) (5.245140075683594 40.860500335693359 1.2100000474601984) (5.245140075683594 41.879955291748047 1.2100000474601984) (5.245140075683594 42.8994140625 1.2100000474601984) (5.245140075683594 43.918869018554687 1.2100000474601984) (5.245140075683594 44.938323974609375 1.2100000474601984) (6.26840877532959 5.179535865783691 1.2100000474601984) (6.26840877532959 6.1989922523498535 1.2100000474601984) (6.26840877532959 7.218448638916016 1.2100000474601984) (6.26840877532959 8.23790454864502 1.2100000474601984) (6.26840877532959 16.3935546875 1.2100000474601984) (6.26840877532959 17.413009643554688 1.2100000474601984) (6.26840877532959 18.432464599609375 1.2100000474601984) (6.26840877532959 19.451921463012695 1.2100000474601984) (6.26840877532959 20.471378326416016 1.2100000474601984) (6.26840877532959 21.490833282470703 1.2100000474601984) (6.26840877532959 22.510292053222656 1.2100000474601984) (6.26840877532959 23.529747009277344 1.2100000474601984) (6.26840877532959 24.549201965332031 1.2100000474601984) (6.26840877532959 25.568658828735352 1.2100000474601984) (6.26840877532959 26.588113784790039 1.2100000474601984) (6.26840877532959 27.607570648193359 1.2100000474601984) (6.26840877532959 28.62702751159668 1.2100000474601984) (6.26840877532959 29.646484375 1.2100000474601984) (6.26840877532959 30.66594123840332 1.2100000474601984) (6.26840877532959 31.685396194458008 1.2100000474601984) (6.26840877532959 32.704853057861328 1.2100000474601984) (6.26840877532959 33.724308013916016 1.2100000474601984) (6.26840877532959 34.7437629699707 1.2100000474601984) (6.26840877532959 35.763221740722656 1.2100000474601984) (6.26840877532959 36.782676696777344 1.2100000474601984) (6.26840877532959 37.802131652832031 1.2100000474601984) (6.26840877532959 38.821586608886719 1.2100000474601984) (6.26840877532959 39.841045379638672 1.2100000474601984) (6.26840877532959 40.860500335693359 1.2100000474601984) (6.26840877532959 41.879955291748047 1.2100000474601984) (6.26840877532959 42.8994140625 1.2100000474601984) (6.26840877532959 43.918869018554687 1.2100000474601984) (6.26840877532959 44.938323974609375 1.2100000474601984) (7.2916765213012695 5.179535865783691 1.2100000474601984) (7.2916765213012695 6.1989922523498535 1.2100000474601984) (7.2916765213012695 7.218448638916016 1.2100000474601984) (7.2916765213012695 8.23790454864502 1.2100000474601984) (7.2916765213012695 16.3935546875 1.2100000474601984) (7.2916765213012695 17.413009643554688 1.2100000474601984) (7.2916765213012695 18.432464599609375 1.2100000474601984) (7.2916765213012695 19.451921463012695 1.2100000474601984) (7.2916765213012695 20.471378326416016 1.2100000474601984) (7.2916765213012695 21.490833282470703 1.2100000474601984) (7.2916765213012695 22.510292053222656 1.2100000474601984) (7.2916765213012695 23.529747009277344 1.2100000474601984) (7.2916765213012695 24.549201965332031 1.2100000474601984) (7.2916765213012695 25.568658828735352 1.2100000474601984) (7.2916765213012695 26.588113784790039 1.2100000474601984) (7.2916765213012695 27.607570648193359 1.2100000474601984) (7.2916765213012695 28.62702751159668 1.2100000474601984) (7.2916765213012695 29.646484375 1.2100000474601984) (7.2916765213012695 30.66594123840332 1.2100000474601984) (7.2916765213012695 31.685396194458008 1.2100000474601984) (7.2916765213012695 32.704853057861328 1.2100000474601984) (7.2916765213012695 33.724308013916016 1.2100000474601984) (7.2916765213012695 34.7437629699707 1.2100000474601984) (7.2916765213012695 35.763221740722656 1.2100000474601984) (7.2916765213012695 36.782676696777344 1.2100000474601984) (7.2916765213012695 37.802131652832031 1.2100000474601984) (7.2916765213012695 38.821586608886719 1.2100000474601984) (7.2916765213012695 39.841045379638672 1.2100000474601984) (7.2916765213012695 40.860500335693359 1.2100000474601984) (7.2916765213012695 41.879955291748047 1.2100000474601984) (7.2916765213012695 42.8994140625 1.2100000474601984) (7.2916765213012695 43.918869018554687 1.2100000474601984) (7.2916765213012695 44.938323974609375 1.2100000474601984) (8.314945220947266 5.179535865783691 1.2100000474601984) (8.314945220947266 6.1989922523498535 1.2100000474601984) (8.314945220947266 7.218448638916016 1.2100000474601984) (8.314945220947266 8.23790454864502 1.2100000474601984) (8.314945220947266 16.3935546875 1.2100000474601984) (8.314945220947266 17.413009643554688 1.2100000474601984) (8.314945220947266 18.432464599609375 1.2100000474601984) (8.314945220947266 19.451921463012695 1.2100000474601984) (8.314945220947266 20.471378326416016 1.2100000474601984) (8.314945220947266 21.490833282470703 1.2100000474601984) (8.314945220947266 22.510292053222656 1.2100000474601984) (8.314945220947266 23.529747009277344 1.2100000474601984) (8.314945220947266 24.549201965332031 1.2100000474601984) (8.314945220947266 25.568658828735352 1.2100000474601984) (8.314945220947266 26.588113784790039 1.2100000474601984) (8.314945220947266 27.607570648193359 1.2100000474601984) (8.314945220947266 28.62702751159668 1.2100000474601984) (8.314945220947266 29.646484375 1.2100000474601984) (8.314945220947266 30.66594123840332 1.2100000474601984) (8.314945220947266 31.685396194458008 1.2100000474601984) (8.314945220947266 32.704853057861328 1.2100000474601984) (8.314945220947266 33.724308013916016 1.2100000474601984) (8.314945220947266 34.7437629699707 1.2100000474601984) (8.314945220947266 35.763221740722656 1.2100000474601984) (8.314945220947266 36.782676696777344 1.2100000474601984) (8.314945220947266 37.802131652832031 1.2100000474601984) (8.314945220947266 38.821586608886719 1.2100000474601984) (8.314945220947266 39.841045379638672 1.2100000474601984) (8.314945220947266 40.860500335693359 1.2100000474601984) (8.314945220947266 41.879955291748047 1.2100000474601984) (8.314945220947266 42.8994140625 1.2100000474601984) (8.314945220947266 43.918869018554687 1.2100000474601984) (8.314945220947266 44.938323974609375 1.2100000474601984) (9.338212966918945 5.179535865783691 1.2100000474601984) (9.338212966918945 6.1989922523498535 1.2100000474601984) (9.338212966918945 7.218448638916016 1.2100000474601984) (9.338212966918945 8.23790454864502 1.2100000474601984) (9.338212966918945 16.3935546875 1.2100000474601984) (9.338212966918945 17.413009643554688 1.2100000474601984) (9.338212966918945 18.432464599609375 1.2100000474601984) (9.338212966918945 19.451921463012695 1.2100000474601984) (9.338212966918945 20.471378326416016 1.2100000474601984) (9.338212966918945 21.490833282470703 1.2100000474601984) (9.338212966918945 22.510292053222656 1.2100000474601984) (9.338212966918945 23.529747009277344 1.2100000474601984) (9.338212966918945 24.549201965332031 1.2100000474601984) (9.338212966918945 25.568658828735352 1.2100000474601984) (9.338212966918945 26.588113784790039 1.2100000474601984) (9.338212966918945 27.607570648193359 1.2100000474601984) (9.338212966918945 28.62702751159668 1.2100000474601984) (9.338212966918945 29.646484375 1.2100000474601984) (9.338212966918945 30.66594123840332 1.2100000474601984) (9.338212966918945 31.685396194458008 1.2100000474601984) (9.338212966918945 32.704853057861328 1.2100000474601984) (9.338212966918945 33.724308013916016 1.2100000474601984) (9.338212966918945 34.7437629699707 1.2100000474601984) (9.338212966918945 35.763221740722656 1.2100000474601984) (9.338212966918945 36.782676696777344 1.2100000474601984) (9.338212966918945 37.802131652832031 1.2100000474601984) (9.338212966918945 38.821586608886719 1.2100000474601984) (9.338212966918945 39.841045379638672 1.2100000474601984) (9.338212966918945 40.860500335693359 1.2100000474601984) (9.338212966918945 41.879955291748047 1.2100000474601984) (9.338212966918945 42.8994140625 1.2100000474601984) (9.338212966918945 43.918869018554687 1.2100000474601984) (9.338212966918945 44.938323974609375 1.2100000474601984) (10.361481666564941 5.179535865783691 1.2100000474601984) (10.361481666564941 6.1989922523498535 1.2100000474601984) (10.361481666564941 7.218448638916016 1.2100000474601984) (10.361481666564941 8.23790454864502 1.2100000474601984) (10.361481666564941 16.3935546875 1.2100000474601984) (10.361481666564941 17.413009643554688 1.2100000474601984) (10.361481666564941 18.432464599609375 1.2100000474601984) (10.361481666564941 19.451921463012695 1.2100000474601984) (10.361481666564941 20.471378326416016 1.2100000474601984) (10.361481666564941 21.490833282470703 1.2100000474601984) (10.361481666564941 22.510292053222656 1.2100000474601984) (10.361481666564941 23.529747009277344 1.2100000474601984) (10.361481666564941 24.549201965332031 1.2100000474601984) (10.361481666564941 25.568658828735352 1.2100000474601984) (10.361481666564941 26.588113784790039 1.2100000474601984) (10.361481666564941 27.607570648193359 1.2100000474601984) (10.361481666564941 28.62702751159668 1.2100000474601984) (10.361481666564941 29.646484375 1.2100000474601984) (10.361481666564941 30.66594123840332 1.2100000474601984) (10.361481666564941 31.685396194458008 1.2100000474601984) (10.361481666564941 32.704853057861328 1.2100000474601984) (10.361481666564941 33.724308013916016 1.2100000474601984) (10.361481666564941 34.7437629699707 1.2100000474601984) (10.361481666564941 35.763221740722656 1.2100000474601984) (10.361481666564941 36.782676696777344 1.2100000474601984) (10.361481666564941 37.802131652832031 1.2100000474601984) (10.361481666564941 38.821586608886719 1.2100000474601984) (10.361481666564941 39.841045379638672 1.2100000474601984) (10.361481666564941 40.860500335693359 1.2100000474601984) (10.361481666564941 41.879955291748047 1.2100000474601984) (10.361481666564941 42.8994140625 1.2100000474601984) (10.361481666564941 43.918869018554687 1.2100000474601984) (10.361481666564941 44.938323974609375 1.2100000474601984) (11.384750366210937 5.179535865783691 1.2100000474601984) (11.384750366210937 6.1989922523498535 1.2100000474601984) (11.384750366210937 7.218448638916016 1.2100000474601984) (11.384750366210937 8.23790454864502 1.2100000474601984) (11.384750366210937 9.257360458374023 1.2100000474601984) (11.384750366210937 10.276817321777344 1.2100000474601984) (11.384750366210937 11.296272277832031 1.2100000474601984) (11.384750366210937 12.315729141235352 1.2100000474601984) (11.384750366210937 13.335186004638672 1.2100000474601984) (11.384750366210937 14.354641914367676 1.2100000474601984) (11.384750366210937 15.374096870422363 1.2100000474601984) (11.384750366210937 16.3935546875 1.2100000474601984) (11.384750366210937 17.413009643554688 1.2100000474601984) (11.384750366210937 18.432464599609375 1.2100000474601984) (11.384750366210937 19.451921463012695 1.2100000474601984) (11.384750366210937 20.471378326416016 1.2100000474601984) (11.384750366210937 21.490833282470703 1.2100000474601984) (11.384750366210937 22.510292053222656 1.2100000474601984) (11.384750366210937 23.529747009277344 1.2100000474601984) (11.384750366210937 24.549201965332031 1.2100000474601984) (11.384750366210937 25.568658828735352 1.2100000474601984) (11.384750366210937 26.588113784790039 1.2100000474601984) (11.384750366210937 27.607570648193359 1.2100000474601984) (11.384750366210937 28.62702751159668 1.2100000474601984) (11.384750366210937 29.646484375 1.2100000474601984) (11.384750366210937 30.66594123840332 1.2100000474601984) (11.384750366210937 31.685396194458008 1.2100000474601984) (11.384750366210937 32.704853057861328 1.2100000474601984) (11.384750366210937 33.724308013916016 1.2100000474601984) (11.384750366210937 34.7437629699707 1.2100000474601984) (11.384750366210937 35.763221740722656 1.2100000474601984) (11.384750366210937 36.782676696777344 1.2100000474601984) (11.384750366210937 37.802131652832031 1.2100000474601984) (11.384750366210937 38.821586608886719 1.2100000474601984) (11.384750366210937 39.841045379638672 1.2100000474601984) (11.384750366210937 40.860500335693359 1.2100000474601984) (11.384750366210937 41.879955291748047 1.2100000474601984) (11.384750366210937 42.8994140625 1.2100000474601984) (11.384750366210937 43.918869018554687 1.2100000474601984) (11.384750366210937 44.938323974609375 1.2100000474601984) (12.408018112182617 5.179535865783691 1.2100000474601984) (12.408018112182617 6.1989922523498535 1.2100000474601984) (12.408018112182617 7.218448638916016 1.2100000474601984) (12.408018112182617 8.23790454864502 1.2100000474601984) (12.408018112182617 9.257360458374023 1.2100000474601984) (12.408018112182617 10.276817321777344 1.2100000474601984) (12.408018112182617 11.296272277832031 1.2100000474601984) (12.408018112182617 12.315729141235352 1.2100000474601984) (12.408018112182617 13.335186004638672 1.2100000474601984) (12.408018112182617 14.354641914367676 1.2100000474601984) (12.408018112182617 15.374096870422363 1.2100000474601984) (12.408018112182617 16.3935546875 1.2100000474601984) (12.408018112182617 17.413009643554688 1.2100000474601984) (12.408018112182617 18.432464599609375 1.2100000474601984) (12.408018112182617 19.451921463012695 1.2100000474601984) (12.408018112182617 20.471378326416016 1.2100000474601984) (12.408018112182617 21.490833282470703 1.2100000474601984) (12.408018112182617 22.510292053222656 1.2100000474601984) (12.408018112182617 23.529747009277344 1.2100000474601984) (12.408018112182617 24.549201965332031 1.2100000474601984) (12.408018112182617 25.568658828735352 1.2100000474601984) (12.408018112182617 26.588113784790039 1.2100000474601984) (12.408018112182617 27.607570648193359 1.2100000474601984) (12.408018112182617 28.62702751159668 1.2100000474601984) (12.408018112182617 29.646484375 1.2100000474601984) (12.408018112182617 30.66594123840332 1.2100000474601984) (12.408018112182617 31.685396194458008 1.2100000474601984) (12.408018112182617 32.704853057861328 1.2100000474601984) (12.408018112182617 33.724308013916016 1.2100000474601984) (12.408018112182617 34.7437629699707 1.2100000474601984) (12.408018112182617 35.763221740722656 1.2100000474601984) (12.408018112182617 36.782676696777344 1.2100000474601984) (12.408018112182617 37.802131652832031 1.2100000474601984) (12.408018112182617 38.821586608886719 1.2100000474601984) (12.408018112182617 39.841045379638672 1.2100000474601984) (12.408018112182617 40.860500335693359 1.2100000474601984) (12.408018112182617 41.879955291748047 1.2100000474601984) (12.408018112182617 42.8994140625 1.2100000474601984) (12.408018112182617 43.918869018554687 1.2100000474601984) (12.408018112182617 44.938323974609375 1.2100000474601984) (13.431285858154297 5.179535865783691 1.2100000474601984) (13.431285858154297 6.1989922523498535 1.2100000474601984) (13.431285858154297 7.218448638916016 1.2100000474601984) (13.431285858154297 8.23790454864502 1.2100000474601984) (13.431285858154297 9.257360458374023 1.2100000474601984) (13.431285858154297 10.276817321777344 1.2100000474601984) (13.431285858154297 11.296272277832031 1.2100000474601984) (13.431285858154297 12.315729141235352 1.2100000474601984) (13.431285858154297 13.335186004638672 1.2100000474601984) (13.431285858154297 14.354641914367676 1.2100000474601984) (13.431285858154297 15.374096870422363 1.2100000474601984) (13.431285858154297 16.3935546875 1.2100000474601984) (13.431285858154297 17.413009643554688 1.2100000474601984) (13.431285858154297 18.432464599609375 1.2100000474601984) (13.431285858154297 19.451921463012695 1.2100000474601984) (13.431285858154297 20.471378326416016 1.2100000474601984) (13.431285858154297 21.490833282470703 1.2100000474601984) (13.431285858154297 22.510292053222656 1.2100000474601984) (13.431285858154297 23.529747009277344 1.2100000474601984) (13.431285858154297 24.549201965332031 1.2100000474601984) (13.431285858154297 25.568658828735352 1.2100000474601984) (13.431285858154297 26.588113784790039 1.2100000474601984) (13.431285858154297 27.607570648193359 1.2100000474601984) (13.431285858154297 28.62702751159668 1.2100000474601984) (13.431285858154297 29.646484375 1.2100000474601984) (13.431285858154297 30.66594123840332 1.2100000474601984) (13.431285858154297 31.685396194458008 1.2100000474601984) (13.431285858154297 32.704853057861328 1.2100000474601984) (13.431285858154297 33.724308013916016 1.2100000474601984) (13.431285858154297 34.7437629699707 1.2100000474601984) (13.431285858154297 35.763221740722656 1.2100000474601984) (13.431285858154297 36.782676696777344 1.2100000474601984) (13.431285858154297 37.802131652832031 1.2100000474601984) (13.431285858154297 38.821586608886719 1.2100000474601984) (13.431285858154297 39.841045379638672 1.2100000474601984) (13.431285858154297 40.860500335693359 1.2100000474601984) (13.431285858154297 41.879955291748047 1.2100000474601984) (13.431285858154297 42.8994140625 1.2100000474601984) (13.431285858154297 43.918869018554687 1.2100000474601984) (13.431285858154297 44.938323974609375 1.2100000474601984) (14.454553604125977 5.179535865783691 1.2100000474601984) (14.454553604125977 6.1989922523498535 1.2100000474601984) (14.454553604125977 7.218448638916016 1.2100000474601984) (14.454553604125977 8.23790454864502 1.2100000474601984) (14.454553604125977 9.257360458374023 1.2100000474601984) (14.454553604125977 10.276817321777344 1.2100000474601984) (14.454553604125977 11.296272277832031 1.2100000474601984) (14.454553604125977 12.315729141235352 1.2100000474601984) (14.454553604125977 13.335186004638672 1.2100000474601984) (14.454553604125977 14.354641914367676 1.2100000474601984) (14.454553604125977 15.374096870422363 1.2100000474601984) (14.454553604125977 16.3935546875 1.2100000474601984) (14.454553604125977 17.413009643554688 1.2100000474601984) (14.454553604125977 18.432464599609375 1.2100000474601984) (14.454553604125977 19.451921463012695 1.2100000474601984) (14.454553604125977 20.471378326416016 1.2100000474601984) (14.454553604125977 21.490833282470703 1.2100000474601984) (14.454553604125977 22.510292053222656 1.2100000474601984) (14.454553604125977 23.529747009277344 1.2100000474601984) (14.454553604125977 24.549201965332031 1.2100000474601984) (14.454553604125977 25.568658828735352 1.2100000474601984) (14.454553604125977 26.588113784790039 1.2100000474601984) (14.454553604125977 27.607570648193359 1.2100000474601984) (14.454553604125977 28.62702751159668 1.2100000474601984) (14.454553604125977 29.646484375 1.2100000474601984) (14.454553604125977 30.66594123840332 1.2100000474601984) (14.454553604125977 31.685396194458008 1.2100000474601984) (14.454553604125977 32.704853057861328 1.2100000474601984) (14.454553604125977 33.724308013916016 1.2100000474601984) (14.454553604125977 34.7437629699707 1.2100000474601984) (14.454553604125977 35.763221740722656 1.2100000474601984) (14.454553604125977 36.782676696777344 1.2100000474601984) (14.454553604125977 37.802131652832031 1.2100000474601984) (14.454553604125977 38.821586608886719 1.2100000474601984) (14.454553604125977 39.841045379638672 1.2100000474601984) (14.454553604125977 40.860500335693359 1.2100000474601984) (14.454553604125977 41.879955291748047 1.2100000474601984) (14.454553604125977 42.8994140625 1.2100000474601984) (14.454553604125977 43.918869018554687 1.2100000474601984) (14.454553604125977 44.938323974609375 1.2100000474601984) (15.477823257446289 5.179535865783691 1.2100000474601984) (15.477823257446289 6.1989922523498535 1.2100000474601984) (15.477823257446289 7.218448638916016 1.2100000474601984) (15.477823257446289 8.23790454864502 1.2100000474601984) (15.477823257446289 9.257360458374023 1.2100000474601984) (15.477823257446289 10.276817321777344 1.2100000474601984) (15.477823257446289 11.296272277832031 1.2100000474601984) (15.477823257446289 12.315729141235352 1.2100000474601984) (15.477823257446289 13.335186004638672 1.2100000474601984) (15.477823257446289 14.354641914367676 1.2100000474601984) (15.477823257446289 15.374096870422363 1.2100000474601984) (15.477823257446289 16.3935546875 1.2100000474601984) (15.477823257446289 17.413009643554688 1.2100000474601984) (15.477823257446289 18.432464599609375 1.2100000474601984) (15.477823257446289 19.451921463012695 1.2100000474601984) (15.477823257446289 34.7437629699707 1.2100000474601984) (15.477823257446289 35.763221740722656 1.2100000474601984) (15.477823257446289 36.782676696777344 1.2100000474601984) (15.477823257446289 37.802131652832031 1.2100000474601984) (15.477823257446289 38.821586608886719 1.2100000474601984) (15.477823257446289 39.841045379638672 1.2100000474601984) (15.477823257446289 40.860500335693359 1.2100000474601984) (15.477823257446289 41.879955291748047 1.2100000474601984) (15.477823257446289 42.8994140625 1.2100000474601984) (15.477823257446289 43.918869018554687 1.2100000474601984) (15.477823257446289 44.938323974609375 1.2100000474601984) (16.501091003417969 5.179535865783691 1.2100000474601984) (16.501091003417969 6.1989922523498535 1.2100000474601984) (16.501091003417969 7.218448638916016 1.2100000474601984) (16.501091003417969 8.23790454864502 1.2100000474601984) (16.501091003417969 9.257360458374023 1.2100000474601984) (16.501091003417969 10.276817321777344 1.2100000474601984) (16.501091003417969 11.296272277832031 1.2100000474601984) (16.501091003417969 12.315729141235352 1.2100000474601984) (16.501091003417969 13.335186004638672 1.2100000474601984) (16.501091003417969 14.354641914367676 1.2100000474601984) (16.501091003417969 15.374096870422363 1.2100000474601984) (16.501091003417969 16.3935546875 1.2100000474601984) (16.501091003417969 17.413009643554688 1.2100000474601984) (16.501091003417969 18.432464599609375 1.2100000474601984) (16.501091003417969 19.451921463012695 1.2100000474601984) (16.501091003417969 34.7437629699707 1.2100000474601984) (16.501091003417969 35.763221740722656 1.2100000474601984) (16.501091003417969 36.782676696777344 1.2100000474601984) (16.501091003417969 37.802131652832031 1.2100000474601984) (16.501091003417969 38.821586608886719 1.2100000474601984) (16.501091003417969 39.841045379638672 1.2100000474601984) (16.501091003417969 40.860500335693359 1.2100000474601984) (16.501091003417969 41.879955291748047 1.2100000474601984) (16.501091003417969 42.8994140625 1.2100000474601984) (16.501091003417969 43.918869018554687 1.2100000474601984) (16.501091003417969 44.938323974609375 1.2100000474601984) (17.524360656738281 5.179535865783691 1.2100000474601984) (17.524360656738281 6.1989922523498535 1.2100000474601984) (17.524360656738281 7.218448638916016 1.2100000474601984) (17.524360656738281 8.23790454864502 1.2100000474601984) (17.524360656738281 9.257360458374023 1.2100000474601984) (17.524360656738281 10.276817321777344 1.2100000474601984) (17.524360656738281 11.296272277832031 1.2100000474601984) (17.524360656738281 12.315729141235352 1.2100000474601984) (17.524360656738281 13.335186004638672 1.2100000474601984) (17.524360656738281 14.354641914367676 1.2100000474601984) (17.524360656738281 15.374096870422363 1.2100000474601984) (17.524360656738281 16.3935546875 1.2100000474601984) (17.524360656738281 17.413009643554688 1.2100000474601984) (17.524360656738281 18.432464599609375 1.2100000474601984) (17.524360656738281 19.451921463012695 1.2100000474601984) (17.524360656738281 34.7437629699707 1.2100000474601984) (17.524360656738281 35.763221740722656 1.2100000474601984) (17.524360656738281 36.782676696777344 1.2100000474601984) (17.524360656738281 37.802131652832031 1.2100000474601984) (17.524360656738281 38.821586608886719 1.2100000474601984) (17.524360656738281 39.841045379638672 1.2100000474601984) (17.524360656738281 40.860500335693359 1.2100000474601984) (17.524360656738281 41.879955291748047 1.2100000474601984) (17.524360656738281 42.8994140625 1.2100000474601984) (17.524360656738281 43.918869018554687 1.2100000474601984) (17.524360656738281 44.938323974609375 1.2100000474601984) (18.547626495361328 5.179535865783691 1.2100000474601984) (18.547626495361328 6.1989922523498535 1.2100000474601984) (18.547626495361328 7.218448638916016 1.2100000474601984) (18.547626495361328 8.23790454864502 1.2100000474601984) (18.547626495361328 9.257360458374023 1.2100000474601984) (18.547626495361328 10.276817321777344 1.2100000474601984) (18.547626495361328 11.296272277832031 1.2100000474601984) (18.547626495361328 12.315729141235352 1.2100000474601984) (18.547626495361328 13.335186004638672 1.2100000474601984) (18.547626495361328 14.354641914367676 1.2100000474601984) (18.547626495361328 15.374096870422363 1.2100000474601984) (18.547626495361328 16.3935546875 1.2100000474601984) (18.547626495361328 17.413009643554688 1.2100000474601984) (18.547626495361328 18.432464599609375 1.2100000474601984) (18.547626495361328 19.451921463012695 1.2100000474601984) (18.547626495361328 34.7437629699707 1.2100000474601984) (18.547626495361328 35.763221740722656 1.2100000474601984) (18.547626495361328 36.782676696777344 1.2100000474601984) (18.547626495361328 37.802131652832031 1.2100000474601984) (18.547626495361328 38.821586608886719 1.2100000474601984) (18.547626495361328 39.841045379638672 1.2100000474601984) (18.547626495361328 40.860500335693359 1.2100000474601984) (18.547626495361328 41.879955291748047 1.2100000474601984) (18.547626495361328 42.8994140625 1.2100000474601984) (18.547626495361328 43.918869018554687 1.2100000474601984) (18.547626495361328 44.938323974609375 1.2100000474601984) (19.570896148681641 5.179535865783691 1.2100000474601984) (19.570896148681641 6.1989922523498535 1.2100000474601984) (19.570896148681641 7.218448638916016 1.2100000474601984) (19.570896148681641 8.23790454864502 1.2100000474601984) (19.570896148681641 9.257360458374023 1.2100000474601984) (19.570896148681641 10.276817321777344 1.2100000474601984) (19.570896148681641 11.296272277832031 1.2100000474601984) (19.570896148681641 12.315729141235352 1.2100000474601984) (19.570896148681641 13.335186004638672 1.2100000474601984) (19.570896148681641 14.354641914367676 1.2100000474601984) (19.570896148681641 15.374096870422363 1.2100000474601984) (19.570896148681641 16.3935546875 1.2100000474601984) (19.570896148681641 17.413009643554688 1.2100000474601984) (19.570896148681641 18.432464599609375 1.2100000474601984) (19.570896148681641 19.451921463012695 1.2100000474601984) (19.570896148681641 34.7437629699707 1.2100000474601984) (19.570896148681641 35.763221740722656 1.2100000474601984) (19.570896148681641 36.782676696777344 1.2100000474601984) (19.570896148681641 37.802131652832031 1.2100000474601984) (19.570896148681641 38.821586608886719 1.2100000474601984) (19.570896148681641 39.841045379638672 1.2100000474601984) (19.570896148681641 40.860500335693359 1.2100000474601984) (19.570896148681641 41.879955291748047 1.2100000474601984) (19.570896148681641 42.8994140625 1.2100000474601984) (19.570896148681641 43.918869018554687 1.2100000474601984) (19.570896148681641 44.938323974609375 1.2100000474601984) (20.59416389465332 5.179535865783691 1.2100000474601984) (20.59416389465332 6.1989922523498535 1.2100000474601984) (20.59416389465332 7.218448638916016 1.2100000474601984) (20.59416389465332 8.23790454864502 1.2100000474601984) (20.59416389465332 9.257360458374023 1.2100000474601984) (20.59416389465332 10.276817321777344 1.2100000474601984) (20.59416389465332 11.296272277832031 1.2100000474601984) (20.59416389465332 12.315729141235352 1.2100000474601984) (20.59416389465332 13.335186004638672 1.2100000474601984) (20.59416389465332 14.354641914367676 1.2100000474601984) (20.59416389465332 15.374096870422363 1.2100000474601984) (20.59416389465332 16.3935546875 1.2100000474601984) (20.59416389465332 17.413009643554688 1.2100000474601984) (20.59416389465332 18.432464599609375 1.2100000474601984) (20.59416389465332 19.451921463012695 1.2100000474601984) (20.59416389465332 34.7437629699707 1.2100000474601984) (20.59416389465332 35.763221740722656 1.2100000474601984) (20.59416389465332 36.782676696777344 1.2100000474601984) (20.59416389465332 37.802131652832031 1.2100000474601984) (20.59416389465332 38.821586608886719 1.2100000474601984) (20.59416389465332 39.841045379638672 1.2100000474601984) (20.59416389465332 40.860500335693359 1.2100000474601984) (20.59416389465332 41.879955291748047 1.2100000474601984) (20.59416389465332 42.8994140625 1.2100000474601984) (20.59416389465332 43.918869018554687 1.2100000474601984) (20.59416389465332 44.938323974609375 1.2100000474601984) (21.617431640625 5.179535865783691 1.2100000474601984) (21.617431640625 6.1989922523498535 1.2100000474601984) (21.617431640625 7.218448638916016 1.2100000474601984) (21.617431640625 8.23790454864502 1.2100000474601984) (21.617431640625 9.257360458374023 1.2100000474601984) (21.617431640625 10.276817321777344 1.2100000474601984) (21.617431640625 11.296272277832031 1.2100000474601984) (21.617431640625 12.315729141235352 1.2100000474601984) (21.617431640625 13.335186004638672 1.2100000474601984) (21.617431640625 14.354641914367676 1.2100000474601984) (21.617431640625 15.374096870422363 1.2100000474601984) (21.617431640625 16.3935546875 1.2100000474601984) (21.617431640625 17.413009643554688 1.2100000474601984) (21.617431640625 18.432464599609375 1.2100000474601984) (21.617431640625 19.451921463012695 1.2100000474601984) (21.617431640625 34.7437629699707 1.2100000474601984) (21.617431640625 35.763221740722656 1.2100000474601984) (21.617431640625 36.782676696777344 1.2100000474601984) (21.617431640625 37.802131652832031 1.2100000474601984) (21.617431640625 38.821586608886719 1.2100000474601984) (21.617431640625 39.841045379638672 1.2100000474601984) (21.617431640625 40.860500335693359 1.2100000474601984) (21.617431640625 41.879955291748047 1.2100000474601984) (21.617431640625 42.8994140625 1.2100000474601984) (21.617431640625 43.918869018554687 1.2100000474601984) (21.617431640625 44.938323974609375 1.2100000474601984) (22.640701293945313 5.179535865783691 1.2100000474601984) (22.640701293945313 6.1989922523498535 1.2100000474601984) (22.640701293945313 7.218448638916016 1.2100000474601984) (22.640701293945313 8.23790454864502 1.2100000474601984) (22.640701293945313 9.257360458374023 1.2100000474601984) (22.640701293945313 10.276817321777344 1.2100000474601984) (22.640701293945313 11.296272277832031 1.2100000474601984) (22.640701293945313 12.315729141235352 1.2100000474601984) (22.640701293945313 13.335186004638672 1.2100000474601984) (22.640701293945313 14.354641914367676 1.2100000474601984) (22.640701293945313 15.374096870422363 1.2100000474601984) (22.640701293945313 16.3935546875 1.2100000474601984) (22.640701293945313 17.413009643554688 1.2100000474601984) (22.640701293945313 18.432464599609375 1.2100000474601984) (22.640701293945313 19.451921463012695 1.2100000474601984) (22.640701293945313 34.7437629699707 1.2100000474601984) (22.640701293945313 35.763221740722656 1.2100000474601984) (22.640701293945313 36.782676696777344 1.2100000474601984) (22.640701293945313 37.802131652832031 1.2100000474601984) (22.640701293945313 38.821586608886719 1.2100000474601984) (22.640701293945313 39.841045379638672 1.2100000474601984) (22.640701293945313 40.860500335693359 1.2100000474601984) (22.640701293945313 41.879955291748047 1.2100000474601984) (22.640701293945313 42.8994140625 1.2100000474601984) (22.640701293945313 43.918869018554687 1.2100000474601984) (22.640701293945313 44.938323974609375 1.2100000474601984) (23.663967132568359 5.179535865783691 1.2100000474601984) (23.663967132568359 6.1989922523498535 1.2100000474601984) (23.663967132568359 7.218448638916016 1.2100000474601984) (23.663967132568359 8.23790454864502 1.2100000474601984) (23.663967132568359 9.257360458374023 1.2100000474601984) (23.663967132568359 10.276817321777344 1.2100000474601984) (23.663967132568359 11.296272277832031 1.2100000474601984) (23.663967132568359 12.315729141235352 1.2100000474601984) (23.663967132568359 13.335186004638672 1.2100000474601984) (23.663967132568359 14.354641914367676 1.2100000474601984) (23.663967132568359 15.374096870422363 1.2100000474601984) (23.663967132568359 16.3935546875 1.2100000474601984) (23.663967132568359 17.413009643554688 1.2100000474601984) (23.663967132568359 18.432464599609375 1.2100000474601984) (23.663967132568359 19.451921463012695 1.2100000474601984) (23.663967132568359 34.7437629699707 1.2100000474601984) (23.663967132568359 35.763221740722656 1.2100000474601984) (23.663967132568359 36.782676696777344 1.2100000474601984) (23.663967132568359 37.802131652832031 1.2100000474601984) (23.663967132568359 38.821586608886719 1.2100000474601984) (23.663967132568359 39.841045379638672 1.2100000474601984) (23.663967132568359 40.860500335693359 1.2100000474601984) (23.663967132568359 41.879955291748047 1.2100000474601984) (23.663967132568359 42.8994140625 1.2100000474601984) (23.663967132568359 43.918869018554687 1.2100000474601984) (23.663967132568359 44.938323974609375 1.2100000474601984) (24.687236785888672 5.179535865783691 1.2100000474601984) (24.687236785888672 6.1989922523498535 1.2100000474601984) (24.687236785888672 7.218448638916016 1.2100000474601984) (24.687236785888672 8.23790454864502 1.2100000474601984) (24.687236785888672 9.257360458374023 1.2100000474601984) (24.687236785888672 10.276817321777344 1.2100000474601984) (24.687236785888672 11.296272277832031 1.2100000474601984) (24.687236785888672 12.315729141235352 1.2100000474601984) (24.687236785888672 13.335186004638672 1.2100000474601984) (24.687236785888672 14.354641914367676 1.2100000474601984) (24.687236785888672 15.374096870422363 1.2100000474601984) (24.687236785888672 16.3935546875 1.2100000474601984) (24.687236785888672 17.413009643554688 1.2100000474601984) (24.687236785888672 18.432464599609375 1.2100000474601984) (24.687236785888672 19.451921463012695 1.2100000474601984) (24.687236785888672 34.7437629699707 1.2100000474601984) (24.687236785888672 35.763221740722656 1.2100000474601984) (24.687236785888672 36.782676696777344 1.2100000474601984) (24.687236785888672 37.802131652832031 1.2100000474601984) (24.687236785888672 38.821586608886719 1.2100000474601984) (24.687236785888672 39.841045379638672 1.2100000474601984) (24.687236785888672 40.860500335693359 1.2100000474601984) (24.687236785888672 41.879955291748047 1.2100000474601984) (24.687236785888672 42.8994140625 1.2100000474601984) (24.687236785888672 43.918869018554687 1.2100000474601984) (24.687236785888672 44.938323974609375 1.2100000474601984) (25.710506439208984 5.179535865783691 1.2100000474601984) (25.710506439208984 6.1989922523498535 1.2100000474601984) (25.710506439208984 7.218448638916016 1.2100000474601984) (25.710506439208984 8.23790454864502 1.2100000474601984) (25.710506439208984 9.257360458374023 1.2100000474601984) (25.710506439208984 10.276817321777344 1.2100000474601984) (25.710506439208984 11.296272277832031 1.2100000474601984) (25.710506439208984 12.315729141235352 1.2100000474601984) (25.710506439208984 13.335186004638672 1.2100000474601984) (25.710506439208984 14.354641914367676 1.2100000474601984) (25.710506439208984 15.374096870422363 1.2100000474601984) (25.710506439208984 16.3935546875 1.2100000474601984) (25.710506439208984 17.413009643554688 1.2100000474601984) (25.710506439208984 18.432464599609375 1.2100000474601984) (25.710506439208984 19.451921463012695 1.2100000474601984) (25.710506439208984 34.7437629699707 1.2100000474601984) (25.710506439208984 35.763221740722656 1.2100000474601984) (25.710506439208984 36.782676696777344 1.2100000474601984) (25.710506439208984 37.802131652832031 1.2100000474601984) (25.710506439208984 38.821586608886719 1.2100000474601984) (25.710506439208984 39.841045379638672 1.2100000474601984) (25.710506439208984 40.860500335693359 1.2100000474601984) (25.710506439208984 41.879955291748047 1.2100000474601984) (25.710506439208984 42.8994140625 1.2100000474601984) (25.710506439208984 43.918869018554687 1.2100000474601984) (25.710506439208984 44.938323974609375 1.2100000474601984) (26.733772277832031 5.179535865783691 1.2100000474601984) (26.733772277832031 6.1989922523498535 1.2100000474601984) (26.733772277832031 7.218448638916016 1.2100000474601984) (26.733772277832031 8.23790454864502 1.2100000474601984) (26.733772277832031 9.257360458374023 1.2100000474601984) (26.733772277832031 10.276817321777344 1.2100000474601984) (26.733772277832031 11.296272277832031 1.2100000474601984) (26.733772277832031 12.315729141235352 1.2100000474601984) (26.733772277832031 13.335186004638672 1.2100000474601984) (26.733772277832031 14.354641914367676 1.2100000474601984) (26.733772277832031 15.374096870422363 1.2100000474601984) (26.733772277832031 16.3935546875 1.2100000474601984) (26.733772277832031 17.413009643554688 1.2100000474601984) (26.733772277832031 18.432464599609375 1.2100000474601984) (26.733772277832031 19.451921463012695 1.2100000474601984) (26.733772277832031 20.471378326416016 1.2100000474601984) (26.733772277832031 21.490833282470703 1.2100000474601984) (26.733772277832031 22.510292053222656 1.2100000474601984) (26.733772277832031 23.529747009277344 1.2100000474601984) (26.733772277832031 24.549201965332031 1.2100000474601984) (26.733772277832031 25.568658828735352 1.2100000474601984) (26.733772277832031 26.588113784790039 1.2100000474601984) (26.733772277832031 27.607570648193359 1.2100000474601984) (26.733772277832031 28.62702751159668 1.2100000474601984) (26.733772277832031 29.646484375 1.2100000474601984) (26.733772277832031 30.66594123840332 1.2100000474601984) (26.733772277832031 31.685396194458008 1.2100000474601984) (26.733772277832031 32.704853057861328 1.2100000474601984) (26.733772277832031 33.724308013916016 1.2100000474601984) (26.733772277832031 34.7437629699707 1.2100000474601984) (26.733772277832031 35.763221740722656 1.2100000474601984) (26.733772277832031 36.782676696777344 1.2100000474601984) (26.733772277832031 37.802131652832031 1.2100000474601984) (26.733772277832031 38.821586608886719 1.2100000474601984) (26.733772277832031 39.841045379638672 1.2100000474601984) (26.733772277832031 40.860500335693359 1.2100000474601984) (26.733772277832031 41.879955291748047 1.2100000474601984) (26.733772277832031 42.8994140625 1.2100000474601984) (26.733772277832031 43.918869018554687 1.2100000474601984) (26.733772277832031 44.938323974609375 1.2100000474601984) (27.757041931152344 5.179535865783691 1.2100000474601984) (27.757041931152344 6.1989922523498535 1.2100000474601984) (27.757041931152344 7.218448638916016 1.2100000474601984) (27.757041931152344 8.23790454864502 1.2100000474601984) (27.757041931152344 9.257360458374023 1.2100000474601984) (27.757041931152344 10.276817321777344 1.2100000474601984) (27.757041931152344 11.296272277832031 1.2100000474601984) (27.757041931152344 12.315729141235352 1.2100000474601984) (27.757041931152344 13.335186004638672 1.2100000474601984) (27.757041931152344 14.354641914367676 1.2100000474601984) (27.757041931152344 15.374096870422363 1.2100000474601984) (27.757041931152344 16.3935546875 1.2100000474601984) (27.757041931152344 17.413009643554688 1.2100000474601984) (27.757041931152344 18.432464599609375 1.2100000474601984) (27.757041931152344 19.451921463012695 1.2100000474601984) (27.757041931152344 20.471378326416016 1.2100000474601984) (27.757041931152344 21.490833282470703 1.2100000474601984) (27.757041931152344 22.510292053222656 1.2100000474601984) (27.757041931152344 23.529747009277344 1.2100000474601984) (27.757041931152344 24.549201965332031 1.2100000474601984) (27.757041931152344 25.568658828735352 1.2100000474601984) (27.757041931152344 26.588113784790039 1.2100000474601984) (27.757041931152344 27.607570648193359 1.2100000474601984) (27.757041931152344 28.62702751159668 1.2100000474601984) (27.757041931152344 29.646484375 1.2100000474601984) (27.757041931152344 30.66594123840332 1.2100000474601984) (27.757041931152344 31.685396194458008 1.2100000474601984) (27.757041931152344 32.704853057861328 1.2100000474601984) (27.757041931152344 33.724308013916016 1.2100000474601984) (27.757041931152344 34.7437629699707 1.2100000474601984) (27.757041931152344 35.763221740722656 1.2100000474601984) (27.757041931152344 36.782676696777344 1.2100000474601984) (27.757041931152344 37.802131652832031 1.2100000474601984) (27.757041931152344 38.821586608886719 1.2100000474601984) (27.757041931152344 39.841045379638672 1.2100000474601984) (27.757041931152344 40.860500335693359 1.2100000474601984) (27.757041931152344 41.879955291748047 1.2100000474601984) (27.757041931152344 42.8994140625 1.2100000474601984) (27.757041931152344 43.918869018554687 1.2100000474601984) (27.757041931152344 44.938323974609375 1.2100000474601984) (28.780309677124023 5.179535865783691 1.2100000474601984) (28.780309677124023 6.1989922523498535 1.2100000474601984) (28.780309677124023 7.218448638916016 1.2100000474601984) (28.780309677124023 8.23790454864502 1.2100000474601984) (28.780309677124023 9.257360458374023 1.2100000474601984) (28.780309677124023 10.276817321777344 1.2100000474601984) (28.780309677124023 11.296272277832031 1.2100000474601984) (28.780309677124023 12.315729141235352 1.2100000474601984) (28.780309677124023 13.335186004638672 1.2100000474601984) (28.780309677124023 14.354641914367676 1.2100000474601984) (28.780309677124023 15.374096870422363 1.2100000474601984) (28.780309677124023 16.3935546875 1.2100000474601984) (28.780309677124023 17.413009643554688 1.2100000474601984) (28.780309677124023 18.432464599609375 1.2100000474601984) (28.780309677124023 19.451921463012695 1.2100000474601984) (28.780309677124023 20.471378326416016 1.2100000474601984) (28.780309677124023 21.490833282470703 1.2100000474601984) (28.780309677124023 22.510292053222656 1.2100000474601984) (28.780309677124023 23.529747009277344 1.2100000474601984) (28.780309677124023 24.549201965332031 1.2100000474601984) (28.780309677124023 25.568658828735352 1.2100000474601984) (28.780309677124023 26.588113784790039 1.2100000474601984) (28.780309677124023 27.607570648193359 1.2100000474601984) (28.780309677124023 28.62702751159668 1.2100000474601984) (28.780309677124023 29.646484375 1.2100000474601984) (28.780309677124023 30.66594123840332 1.2100000474601984) (28.780309677124023 31.685396194458008 1.2100000474601984) (28.780309677124023 32.704853057861328 1.2100000474601984) (28.780309677124023 33.724308013916016 1.2100000474601984) (28.780309677124023 34.7437629699707 1.2100000474601984) (28.780309677124023 35.763221740722656 1.2100000474601984) (28.780309677124023 36.782676696777344 1.2100000474601984) (28.780309677124023 37.802131652832031 1.2100000474601984) (28.780309677124023 38.821586608886719 1.2100000474601984) (28.780309677124023 39.841045379638672 1.2100000474601984) (28.780309677124023 40.860500335693359 1.2100000474601984) (28.780309677124023 41.879955291748047 1.2100000474601984) (28.780309677124023 42.8994140625 1.2100000474601984) (28.780309677124023 43.918869018554687 1.2100000474601984) (28.780309677124023 44.938323974609375 1.2100000474601984) (29.803577423095703 5.179535865783691 1.2100000474601984) (29.803577423095703 6.1989922523498535 1.2100000474601984) (29.803577423095703 7.218448638916016 1.2100000474601984) (29.803577423095703 8.23790454864502 1.2100000474601984) (29.803577423095703 9.257360458374023 1.2100000474601984) (29.803577423095703 10.276817321777344 1.2100000474601984) (29.803577423095703 11.296272277832031 1.2100000474601984) (29.803577423095703 12.315729141235352 1.2100000474601984) (29.803577423095703 13.335186004638672 1.2100000474601984) (29.803577423095703 14.354641914367676 1.2100000474601984) (29.803577423095703 15.374096870422363 1.2100000474601984) (29.803577423095703 16.3935546875 1.2100000474601984) (29.803577423095703 17.413009643554688 1.2100000474601984) (29.803577423095703 18.432464599609375 1.2100000474601984) (29.803577423095703 19.451921463012695 1.2100000474601984) (29.803577423095703 20.471378326416016 1.2100000474601984) (29.803577423095703 21.490833282470703 1.2100000474601984) (29.803577423095703 22.510292053222656 1.2100000474601984) (29.803577423095703 23.529747009277344 1.2100000474601984) (29.803577423095703 24.549201965332031 1.2100000474601984) (29.803577423095703 25.568658828735352 1.2100000474601984) (29.803577423095703 26.588113784790039 1.2100000474601984) (29.803577423095703 27.607570648193359 1.2100000474601984) (29.803577423095703 28.62702751159668 1.2100000474601984) (29.803577423095703 29.646484375 1.2100000474601984) (29.803577423095703 30.66594123840332 1.2100000474601984) (29.803577423095703 31.685396194458008 1.2100000474601984) (29.803577423095703 32.704853057861328 1.2100000474601984) (29.803577423095703 33.724308013916016 1.2100000474601984) (29.803577423095703 34.7437629699707 1.2100000474601984) (29.803577423095703 35.763221740722656 1.2100000474601984) (29.803577423095703 36.782676696777344 1.2100000474601984) (29.803577423095703 37.802131652832031 1.2100000474601984) (29.803577423095703 38.821586608886719 1.2100000474601984) (29.803577423095703 39.841045379638672 1.2100000474601984) (29.803577423095703 40.860500335693359 1.2100000474601984) (29.803577423095703 41.879955291748047 1.2100000474601984) (29.803577423095703 42.8994140625 1.2100000474601984) (29.803577423095703 43.918869018554687 1.2100000474601984) (29.803577423095703 44.938323974609375 1.2100000474601984) (30.826845169067383 5.179535865783691 1.2100000474601984) (30.826845169067383 6.1989922523498535 1.2100000474601984) (30.826845169067383 7.218448638916016 1.2100000474601984) (30.826845169067383 8.23790454864502 1.2100000474601984) (30.826845169067383 9.257360458374023 1.2100000474601984) (30.826845169067383 10.276817321777344 1.2100000474601984) (30.826845169067383 11.296272277832031 1.2100000474601984) (30.826845169067383 12.315729141235352 1.2100000474601984) (30.826845169067383 13.335186004638672 1.2100000474601984) (30.826845169067383 14.354641914367676 1.2100000474601984) (30.826845169067383 15.374096870422363 1.2100000474601984) (30.826845169067383 16.3935546875 1.2100000474601984) (30.826845169067383 17.413009643554688 1.2100000474601984) (30.826845169067383 18.432464599609375 1.2100000474601984) (30.826845169067383 19.451921463012695 1.2100000474601984) (30.826845169067383 20.471378326416016 1.2100000474601984) (30.826845169067383 21.490833282470703 1.2100000474601984) (30.826845169067383 22.510292053222656 1.2100000474601984) (30.826845169067383 23.529747009277344 1.2100000474601984) (30.826845169067383 24.549201965332031 1.2100000474601984) (30.826845169067383 25.568658828735352 1.2100000474601984) (30.826845169067383 26.588113784790039 1.2100000474601984) (30.826845169067383 27.607570648193359 1.2100000474601984) (30.826845169067383 28.62702751159668 1.2100000474601984) (30.826845169067383 29.646484375 1.2100000474601984) (30.826845169067383 30.66594123840332 1.2100000474601984) (30.826845169067383 31.685396194458008 1.2100000474601984) (30.826845169067383 32.704853057861328 1.2100000474601984) (30.826845169067383 33.724308013916016 1.2100000474601984) (30.826845169067383 34.7437629699707 1.2100000474601984) (30.826845169067383 35.763221740722656 1.2100000474601984) (30.826845169067383 36.782676696777344 1.2100000474601984) (30.826845169067383 37.802131652832031 1.2100000474601984) (30.826845169067383 38.821586608886719 1.2100000474601984) (30.826845169067383 39.841045379638672 1.2100000474601984) (30.826845169067383 40.860500335693359 1.2100000474601984) (30.826845169067383 41.879955291748047 1.2100000474601984) (30.826845169067383 42.8994140625 1.2100000474601984) (30.826845169067383 43.918869018554687 1.2100000474601984) (30.826845169067383 44.938323974609375 1.2100000474601984) (31.850112915039063 5.179535865783691 1.2100000474601984) (31.850112915039063 6.1989922523498535 1.2100000474601984) (31.850112915039063 7.218448638916016 1.2100000474601984) (31.850112915039063 8.23790454864502 1.2100000474601984) (31.850112915039063 9.257360458374023 1.2100000474601984) (31.850112915039063 10.276817321777344 1.2100000474601984) (31.850112915039063 11.296272277832031 1.2100000474601984) (31.850112915039063 12.315729141235352 1.2100000474601984) (31.850112915039063 13.335186004638672 1.2100000474601984) (31.850112915039063 14.354641914367676 1.2100000474601984) (31.850112915039063 15.374096870422363 1.2100000474601984) (31.850112915039063 16.3935546875 1.2100000474601984) (31.850112915039063 17.413009643554688 1.2100000474601984) (31.850112915039063 18.432464599609375 1.2100000474601984) (31.850112915039063 19.451921463012695 1.2100000474601984) (31.850112915039063 20.471378326416016 1.2100000474601984) (31.850112915039063 21.490833282470703 1.2100000474601984) (31.850112915039063 22.510292053222656 1.2100000474601984) (31.850112915039063 23.529747009277344 1.2100000474601984) (31.850112915039063 24.549201965332031 1.2100000474601984) (31.850112915039063 25.568658828735352 1.2100000474601984) (31.850112915039063 26.588113784790039 1.2100000474601984) (31.850112915039063 27.607570648193359 1.2100000474601984) (31.850112915039063 28.62702751159668 1.2100000474601984) (31.850112915039063 29.646484375 1.2100000474601984) (31.850112915039063 30.66594123840332 1.2100000474601984) (31.850112915039063 31.685396194458008 1.2100000474601984) (31.850112915039063 32.704853057861328 1.2100000474601984) (31.850112915039063 33.724308013916016 1.2100000474601984) (31.850112915039063 34.7437629699707 1.2100000474601984) (31.850112915039063 35.763221740722656 1.2100000474601984) (31.850112915039063 36.782676696777344 1.2100000474601984) (31.850112915039063 37.802131652832031 1.2100000474601984) (31.850112915039063 38.821586608886719 1.2100000474601984) (31.850112915039063 39.841045379638672 1.2100000474601984) (31.850112915039063 40.860500335693359 1.2100000474601984) (31.850112915039063 41.879955291748047 1.2100000474601984) (31.850112915039063 42.8994140625 1.2100000474601984) (31.850112915039063 43.918869018554687 1.2100000474601984) (31.850112915039063 44.938323974609375 1.2100000474601984) (5.909223556518555 9.19128926595052 1.2100000474601984) (6.482656478881836 8.903389930725098 1.2100000474601984) (5.909223556518555 10.513914744059244 1.2100000474601984) (7.4770731925964355 8.903389930725098 1.2100000474601984) (6.061672210693359 9.93811543782552 1.2100000474601984) (5.985447883605957 11.38331127166748 1.2100000474601984) (5.985447883605957 12.375280380249023 1.2100000474601984) (5.985447883605957 14.359218597412109 1.2100000474601984) (5.985447883605957 13.367249488830566 1.2100000474601984) (6.979865074157715 14.855202674865723 1.2100000474601984) (6.78004264831543 15.204188028971354 1.2100000474601984) (9.584269841512043 8.851470311482746 1.2100000474601984) (9.016071319580078 8.955308278401692 1.2100000474601984) (10.266448974609375 8.851470311482746 1.2100000474601984) (8.258380889892578 8.851470947265625 1.2100000474601984) (10.474748611450195 9.399374008178711 1.2100000474601984) (10.474748611450195 10.391343116760254 1.2100000474601984) (10.474748611450195 11.38331127166748 1.2100000474601984) (8.471489906311035 14.855203628540039 1.2100000474601984) (10.474748611450195 12.375280380249023 1.2100000474601984) (10.474748611450195 14.118098258972168 1.2100000474601984) (10.607537587483723 13.195814768473307 1.2100000474601984) (9.465906143188477 14.855202674865723 1.2100000474601984) (6.097864151000977 15.54400634765625 1.2100000474601984) (8.314945220947266 15.374096870422363 1.2100000474601984) (7.462221145629883 15.54400634765625 1.2100000474601984) (10.266448974609375 14.858258565266926 1.2100000474601984) (10.361481666564941 15.374096870422363 1.2100000474601984) (9.338212966918945 15.37409782409668 1.2100000474601984) (15.096421559651692 21.751805623372395 1.2100000474601984) (15.096421559651692 20.445780436197914 1.2100000474601984) (15.161538124084473 23.606433868408203 1.2100000474601984) (15.161538124084473 25.565471649169922 1.2100000474601984) (15.161538124084473 26.544990539550781 1.2100000474601984) (15.161538124084473 24.58595085144043 1.2100000474601984) (15.161538124084473 22.626914978027344 1.2100000474601984) (15.161538124084473 27.524507522583008 1.2100000474601984) (15.161538124084473 28.504026412963867 1.2100000474601984) (15.161538124084473 30.46306037902832 1.2100000474601984) (15.161538124084473 29.483543395996094 1.2100000474601984) (15.161538124084473 31.912372589111328 1.2100000474601984) (15.161538124084473 32.891891479492188 1.2100000474601984) (15.096421559651692 33.665776570638016 1.2100000474601984) (15.226654052734375 21.216480255126953 1.2100000474601984) (15.664241790771484 20.178117752075195 1.2100000474601984) (16.669647216796875 20.178117752075195 1.2100000474601984) (18.680459976196289 20.178117752075195 1.2100000474601984) (17.6750545501709 20.178117752075195 1.2100000474601984) (20.691272735595703 20.178117752075195 1.2100000474601984) (22.70208740234375 20.178117752075195 1.2100000474601984) (21.696680068969727 20.178117752075195 1.2100000474601984) (19.685867309570312 20.178117752075195 1.2100000474601984) (24.466011047363281 20.178119659423828 1.2100000474601984) (23.528391520182289 20.105963389078774 1.2100000474601984) (25.551116943359375 20.105963389078774 1.2100000474601984) (25.727235794067383 21.647396087646484 1.2100000474601984) (25.727235794067383 20.667877197265625 1.2100000474601984) (25.727237701416016 22.626916885375977 1.2100000474601984) (25.727235794067383 23.606433868408203 1.2100000474601984) (25.727235794067383 25.565469741821289 1.2100000474601984) (25.727235794067383 24.58595085144043 1.2100000474601984) (25.727237701416016 26.544990539550781 1.2100000474601984) (25.727235794067383 27.524507522583008 1.2100000474601984) (15.226654052734375 31.191731770833332 1.2100000474601984) (17.6750545501709 33.891376495361328 1.2100000474601984) (19.685867309570312 33.891376495361328 1.2100000474601984) (18.680459976196289 33.891376495361328 1.2100000474601984) (16.422761917114258 33.891376495361328 1.2100000474601984) (21.696680068969727 33.891376495361328 1.2100000474601984) (20.691274642944336 33.891376495361328 1.2100000474601984) (22.70208740234375 33.891376495361328 1.2100000474601984) (15.437511444091797 34.005594889322914 1.2100000474601984) (25.727235794067383 28.504026412963867 1.2100000474601984) (25.727235794067383 30.463062286376953 1.2100000474601984) (25.727235794067383 29.483543395996094 1.2100000474601984) (25.562268575032551 31.191731770833332 1.2100000474601984) (25.892204284667969 31.680117289225258 1.2100000474601984) (23.707492828369141 33.891376495361328 1.2100000474601984) (24.712898254394531 33.891376495361328 1.2100000474601984) (25.892204284667969 32.986139933268227 1.2100000474601984) (25.551116943359375 34.005594889322914 1.2100000474601984) (25.892204284667969 33.665776570638016 1.2100000474601984) (25.562271118164063 32.471132914225258 1.2100000474601984));

        writeControl		timeStep;

        writeInterval		1;

    }

}