
functions
{

    probes
    {

        functionObjectLibs		("libsampling.so");

        type		probes;

        name		probes;

        fields		(p U);

        probeLocations		((1.3104585409164429 2.9171199314296246 0.15750594437122345) (1.3104585409164429 2.9171199314296246 0.47251781821250916) (1.3104585409164429 2.9171199314296246 0.78752970695495605) (1.3104585409164429 2.9171199314296246 1.1025416851043701) (1.3104585409164429 2.9171199314296246 1.4175535440444946) (1.3104585409164429 2.9171199314296246 1.7325654029846191) (1.3104585409164429 2.9171199314296246 2.047577381134033) (1.3104585409164429 2.9171199314296246 2.3625893592834473) (1.3104585409164429 2.9171199314296246 2.6776010990142822) (1.3104585409164429 2.9171199314296246 2.9926130771636963) (1.3104585409164429 2.9171199314296246 3.3076250553131104) (1.3104585409164429 2.9171199314296246 3.6226367950439453) (1.3104585409164429 2.9171199314296246 3.9376487731933594) (1.3104585409164429 2.9171199314296246 4.252660751342773) (1.3104585409164429 2.9171199314296246 4.5676727294921875) (1.3104585409164429 2.9171199314296246 4.882684707641602) (1.3104585409164429 2.9171199314296246 5.197696208953857) (1.3104585409164429 2.9171199314296246 5.5127081871032715) (1.6186821460723877 2.9171199314296246 0.15750594437122345) (1.6186821460723877 2.9171199314296246 0.47251781821250916) (1.6186821460723877 2.9171199314296246 0.78752970695495605) (1.6186821460723877 2.9171199314296246 1.1025416851043701) (1.6186821460723877 2.9171199314296246 1.4175535440444946) (1.6186821460723877 2.9171199314296246 1.7325654029846191) (1.6186821460723877 2.9171199314296246 2.047577381134033) (1.6186821460723877 2.9171199314296246 2.3625893592834473) (1.6186821460723877 2.9171199314296246 2.6776010990142822) (1.6186821460723877 2.9171199314296246 2.9926130771636963) (1.6186821460723877 2.9171199314296246 3.3076250553131104) (1.6186821460723877 2.9171199314296246 3.6226367950439453) (1.6186821460723877 2.9171199314296246 3.9376487731933594) (1.6186821460723877 2.9171199314296246 4.252660751342773) (1.6186821460723877 2.9171199314296246 4.5676727294921875) (1.6186821460723877 2.9171199314296246 4.882684707641602) (1.6186821460723877 2.9171199314296246 5.197696208953857) (1.6186821460723877 2.9171199314296246 5.5127081871032715) (1.926905870437622 2.9171199314296246 0.15750594437122345) (1.926905870437622 2.9171199314296246 0.47251781821250916) (1.926905870437622 2.9171199314296246 0.78752970695495605) (1.926905870437622 2.9171199314296246 1.1025416851043701) (1.926905870437622 2.9171199314296246 1.4175535440444946) (1.926905870437622 2.9171199314296246 1.7325654029846191) (1.926905870437622 2.9171199314296246 2.047577381134033) (1.926905870437622 2.9171199314296246 2.3625893592834473) (1.926905870437622 2.9171199314296246 2.6776010990142822) (1.926905870437622 2.9171199314296246 2.9926130771636963) (1.926905870437622 2.9171199314296246 3.3076250553131104) (1.926905870437622 2.9171199314296246 3.6226367950439453) (1.926905870437622 2.9171199314296246 3.9376487731933594) (1.926905870437622 2.9171199314296246 4.252660751342773) (1.926905870437622 2.9171199314296246 4.5676727294921875) (1.926905870437622 2.9171199314296246 4.882684707641602) (1.926905870437622 2.9171199314296246 5.197696208953857) (1.926905870437622 2.9171199314296246 5.5127081871032715) (2.2351295948028564 2.9171199314296246 0.15750594437122345) (2.2351295948028564 2.9171199314296246 0.47251781821250916) (2.2351295948028564 2.9171199314296246 0.78752970695495605) (2.2351295948028564 2.9171199314296246 1.1025416851043701) (2.2351295948028564 2.9171199314296246 1.4175535440444946) (2.2351295948028564 2.9171199314296246 1.7325654029846191) (2.2351295948028564 2.9171199314296246 2.047577381134033) (2.2351295948028564 2.9171199314296246 2.3625893592834473) (2.2351295948028564 2.9171199314296246 2.6776010990142822) (2.2351295948028564 2.9171199314296246 2.9926130771636963) (2.2351295948028564 2.9171199314296246 3.3076250553131104) (2.2351295948028564 2.9171199314296246 3.6226367950439453) (2.2351295948028564 2.9171199314296246 3.9376487731933594) (2.2351295948028564 2.9171199314296246 4.252660751342773) (2.2351295948028564 2.9171199314296246 4.5676727294921875) (2.2351295948028564 2.9171199314296246 4.882684707641602) (2.2351295948028564 2.9171199314296246 5.197696208953857) (2.2351295948028564 2.9171199314296246 5.5127081871032715) (2.543353319168091 2.9171199314296246 0.15750594437122345) (2.543353319168091 2.9171199314296246 0.47251781821250916) (2.543353319168091 2.9171199314296246 0.78752970695495605) (2.543353319168091 2.9171199314296246 1.1025416851043701) (2.543353319168091 2.9171199314296246 1.4175535440444946) (2.543353319168091 2.9171199314296246 1.7325654029846191) (2.543353319168091 2.9171199314296246 2.047577381134033) (2.543353319168091 2.9171199314296246 2.3625893592834473) (2.543353319168091 2.9171199314296246 2.6776010990142822) (2.543353319168091 2.9171199314296246 2.9926130771636963) (2.543353319168091 2.9171199314296246 3.3076250553131104) (2.543353319168091 2.9171199314296246 3.6226367950439453) (2.543353319168091 2.9171199314296246 3.9376487731933594) (2.543353319168091 2.9171199314296246 4.252660751342773) (2.543353319168091 2.9171199314296246 4.5676727294921875) (2.543353319168091 2.9171199314296246 4.882684707641602) (2.543353319168091 2.9171199314296246 5.197696208953857) (2.543353319168091 2.9171199314296246 5.5127081871032715) (2.851577043533325 2.9171199314296246 0.15750594437122345) (2.851577043533325 2.9171199314296246 0.47251781821250916) (2.851577043533325 2.9171199314296246 0.78752970695495605) (2.851577043533325 2.9171199314296246 1.1025416851043701) (2.851577043533325 2.9171199314296246 1.4175535440444946) (2.851577043533325 2.9171199314296246 1.7325654029846191) (2.851577043533325 2.9171199314296246 2.047577381134033) (2.851577043533325 2.9171199314296246 2.3625893592834473) (2.851577043533325 2.9171199314296246 2.6776010990142822) (2.851577043533325 2.9171199314296246 2.9926130771636963) (2.851577043533325 2.9171199314296246 3.3076250553131104) (2.851577043533325 2.9171199314296246 3.6226367950439453) (2.851577043533325 2.9171199314296246 3.9376487731933594) (2.851577043533325 2.9171199314296246 4.252660751342773) (2.851577043533325 2.9171199314296246 4.5676727294921875) (2.851577043533325 2.9171199314296246 4.882684707641602) (2.851577043533325 2.9171199314296246 5.197696208953857) (2.851577043533325 2.9171199314296246 5.5127081871032715) (3.1598005294799805 2.9171199314296246 0.15750594437122345) (3.1598005294799805 2.9171199314296246 0.47251781821250916) (3.1598005294799805 2.9171199314296246 0.78752970695495605) (3.1598005294799805 2.9171199314296246 1.1025416851043701) (3.1598005294799805 2.9171199314296246 1.4175535440444946) (3.1598005294799805 2.9171199314296246 1.7325654029846191) (3.1598005294799805 2.9171199314296246 2.047577381134033) (3.1598005294799805 2.9171199314296246 2.3625893592834473) (3.1598005294799805 2.9171199314296246 2.6776010990142822) (3.1598005294799805 2.9171199314296246 2.9926130771636963) (3.1598005294799805 2.9171199314296246 3.3076250553131104) (3.1598005294799805 2.9171199314296246 3.6226367950439453) (3.1598005294799805 2.9171199314296246 3.9376487731933594) (3.1598005294799805 2.9171199314296246 4.252660751342773) (3.1598005294799805 2.9171199314296246 4.5676727294921875) (3.1598005294799805 2.9171199314296246 4.882684707641602) (3.1598005294799805 2.9171199314296246 5.197696208953857) (3.1598005294799805 2.9171199314296246 5.5127081871032715) (3.468024253845215 2.9171199314296246 0.15750594437122345) (3.468024253845215 2.9171199314296246 0.47251781821250916) (3.468024253845215 2.9171199314296246 0.78752970695495605) (3.468024253845215 2.9171199314296246 1.1025416851043701) (3.468024253845215 2.9171199314296246 1.4175535440444946) (3.468024253845215 2.9171199314296246 1.7325654029846191) (3.468024253845215 2.9171199314296246 2.047577381134033) (3.468024253845215 2.9171199314296246 2.3625893592834473) (3.468024253845215 2.9171199314296246 2.6776010990142822) (3.468024253845215 2.9171199314296246 2.9926130771636963) (3.468024253845215 2.9171199314296246 3.3076250553131104) (3.468024253845215 2.9171199314296246 3.6226367950439453) (3.468024253845215 2.9171199314296246 3.9376487731933594) (3.468024253845215 2.9171199314296246 4.252660751342773) (3.468024253845215 2.9171199314296246 4.5676727294921875) (3.468024253845215 2.9171199314296246 4.882684707641602) (3.468024253845215 2.9171199314296246 5.197696208953857) (3.468024253845215 2.9171199314296246 5.5127081871032715) (3.776247978210449 2.9171199314296246 0.15750594437122345) (3.776247978210449 2.9171199314296246 0.47251781821250916) (3.776247978210449 2.9171199314296246 0.78752970695495605) (3.776247978210449 2.9171199314296246 1.1025416851043701) (3.776247978210449 2.9171199314296246 1.4175535440444946) (3.776247978210449 2.9171199314296246 1.7325654029846191) (3.776247978210449 2.9171199314296246 2.047577381134033) (3.776247978210449 2.9171199314296246 2.3625893592834473) (3.776247978210449 2.9171199314296246 2.6776010990142822) (3.776247978210449 2.9171199314296246 2.9926130771636963) (3.776247978210449 2.9171199314296246 3.3076250553131104) (3.776247978210449 2.9171199314296246 3.6226367950439453) (3.776247978210449 2.9171199314296246 3.9376487731933594) (3.776247978210449 2.9171199314296246 4.252660751342773) (3.776247978210449 2.9171199314296246 4.5676727294921875) (3.776247978210449 2.9171199314296246 4.882684707641602) (3.776247978210449 2.9171199314296246 5.197696208953857) (3.776247978210449 2.9171199314296246 5.5127081871032715) (4.084471702575684 2.9171199314296246 0.15750594437122345) (4.084471702575684 2.9171199314296246 0.47251781821250916) (4.084471702575684 2.9171199314296246 0.78752970695495605) (4.084471702575684 2.9171199314296246 1.1025416851043701) (4.084471702575684 2.9171199314296246 1.4175535440444946) (4.084471702575684 2.9171199314296246 1.7325654029846191) (4.084471702575684 2.9171199314296246 2.047577381134033) (4.084471702575684 2.9171199314296246 2.3625893592834473) (4.084471702575684 2.9171199314296246 2.6776010990142822) (4.084471702575684 2.9171199314296246 2.9926130771636963) (4.084471702575684 2.9171199314296246 3.3076250553131104) (4.084471702575684 2.9171199314296246 3.6226367950439453) (4.084471702575684 2.9171199314296246 3.9376487731933594) (4.084471702575684 2.9171199314296246 4.252660751342773) (4.084471702575684 2.9171199314296246 4.5676727294921875) (4.084471702575684 2.9171199314296246 4.882684707641602) (4.084471702575684 2.9171199314296246 5.197696208953857) (4.084471702575684 2.9171199314296246 5.5127081871032715) (4.392695426940918 2.9171199314296246 0.15750594437122345) (4.392695426940918 2.9171199314296246 0.47251781821250916) (4.392695426940918 2.9171199314296246 0.78752970695495605) (4.392695426940918 2.9171199314296246 1.1025416851043701) (4.392695426940918 2.9171199314296246 1.4175535440444946) (4.392695426940918 2.9171199314296246 1.7325654029846191) (4.392695426940918 2.9171199314296246 2.047577381134033) (4.392695426940918 2.9171199314296246 2.3625893592834473) (4.392695426940918 2.9171199314296246 2.6776010990142822) (4.392695426940918 2.9171199314296246 2.9926130771636963) (4.392695426940918 2.9171199314296246 3.3076250553131104) (4.392695426940918 2.9171199314296246 3.6226367950439453) (4.392695426940918 2.9171199314296246 3.9376487731933594) (4.392695426940918 2.9171199314296246 4.252660751342773) (4.392695426940918 2.9171199314296246 4.5676727294921875) (4.392695426940918 2.9171199314296246 4.882684707641602) (4.392695426940918 2.9171199314296246 5.197696208953857) (4.392695426940918 2.9171199314296246 5.5127081871032715) (4.700919151306152 2.9171199314296246 0.15750594437122345) (4.700919151306152 2.9171199314296246 0.47251781821250916) (4.700919151306152 2.9171199314296246 0.78752970695495605) (4.700919151306152 2.9171199314296246 1.1025416851043701) (4.700919151306152 2.9171199314296246 1.4175535440444946) (4.700919151306152 2.9171199314296246 1.7325654029846191) (4.700919151306152 2.9171199314296246 2.047577381134033) (4.700919151306152 2.9171199314296246 2.3625893592834473) (4.700919151306152 2.9171199314296246 2.6776010990142822) (4.700919151306152 2.9171199314296246 2.9926130771636963) (4.700919151306152 2.9171199314296246 3.3076250553131104) (4.700919151306152 2.9171199314296246 3.6226367950439453) (4.700919151306152 2.9171199314296246 3.9376487731933594) (4.700919151306152 2.9171199314296246 4.252660751342773) (4.700919151306152 2.9171199314296246 4.5676727294921875) (4.700919151306152 2.9171199314296246 4.882684707641602) (4.700919151306152 2.9171199314296246 5.197696208953857) (4.700919151306152 2.9171199314296246 5.5127081871032715) (5.009142875671387 2.9171199314296246 0.15750594437122345) (5.009142875671387 2.9171199314296246 0.47251781821250916) (5.009142875671387 2.9171199314296246 0.78752970695495605) (5.009142875671387 2.9171199314296246 1.1025416851043701) (5.009142875671387 2.9171199314296246 1.4175535440444946) (5.009142875671387 2.9171199314296246 1.7325654029846191) (5.009142875671387 2.9171199314296246 2.047577381134033) (5.009142875671387 2.9171199314296246 2.3625893592834473) (5.009142875671387 2.9171199314296246 2.6776010990142822) (5.009142875671387 2.9171199314296246 2.9926130771636963) (5.009142875671387 2.9171199314296246 3.3076250553131104) (5.009142875671387 2.9171199314296246 3.6226367950439453) (5.009142875671387 2.9171199314296246 3.9376487731933594) (5.009142875671387 2.9171199314296246 4.252660751342773) (5.009142875671387 2.9171199314296246 4.5676727294921875) (5.009142875671387 2.9171199314296246 4.882684707641602) (5.009142875671387 2.9171199314296246 5.197696208953857) (5.009142875671387 2.9171199314296246 5.5127081871032715) (5.317366600036621 2.9171199314296246 0.15750594437122345) (5.317366600036621 2.9171199314296246 0.47251781821250916) (5.317366600036621 2.9171199314296246 0.78752970695495605) (5.317366600036621 2.9171199314296246 1.1025416851043701) (5.317366600036621 2.9171199314296246 1.4175535440444946) (5.317366600036621 2.9171199314296246 1.7325654029846191) (5.317366600036621 2.9171199314296246 2.047577381134033) (5.317366600036621 2.9171199314296246 2.3625893592834473) (5.317366600036621 2.9171199314296246 2.6776010990142822) (5.317366600036621 2.9171199314296246 2.9926130771636963) (5.317366600036621 2.9171199314296246 3.3076250553131104) (5.317366600036621 2.9171199314296246 3.6226367950439453) (5.317366600036621 2.9171199314296246 3.9376487731933594) (5.317366600036621 2.9171199314296246 4.252660751342773) (5.317366600036621 2.9171199314296246 4.5676727294921875) (5.317366600036621 2.9171199314296246 4.882684707641602) (5.317366600036621 2.9171199314296246 5.197696208953857) (5.317366600036621 2.9171199314296246 5.5127081871032715) (5.6255903244018555 2.9171199314296246 0.15750594437122345) (5.6255903244018555 2.9171199314296246 0.47251781821250916) (5.6255903244018555 2.9171199314296246 0.78752970695495605) (5.6255903244018555 2.9171199314296246 1.1025416851043701) (5.6255903244018555 2.9171199314296246 1.4175535440444946) (5.6255903244018555 2.9171199314296246 1.7325654029846191) (5.6255903244018555 2.9171199314296246 2.047577381134033) (5.6255903244018555 2.9171199314296246 2.3625893592834473) (5.6255903244018555 2.9171199314296246 2.6776010990142822) (5.6255903244018555 2.9171199314296246 2.9926130771636963) (5.6255903244018555 2.9171199314296246 3.3076250553131104) (5.6255903244018555 2.9171199314296246 3.6226367950439453) (5.6255903244018555 2.9171199314296246 3.9376487731933594) (5.6255903244018555 2.9171199314296246 4.252660751342773) (5.6255903244018555 2.9171199314296246 4.5676727294921875) (5.6255903244018555 2.9171199314296246 4.882684707641602) (5.6255903244018555 2.9171199314296246 5.197696208953857) (5.6255903244018555 2.9171199314296246 5.5127081871032715) (5.93381404876709 2.9171199314296246 0.15750594437122345) (5.93381404876709 2.9171199314296246 0.47251781821250916) (5.93381404876709 2.9171199314296246 0.78752970695495605) (5.93381404876709 2.9171199314296246 1.1025416851043701) (5.93381404876709 2.9171199314296246 1.4175535440444946) (5.93381404876709 2.9171199314296246 1.7325654029846191) (5.93381404876709 2.9171199314296246 2.047577381134033) (5.93381404876709 2.9171199314296246 2.3625893592834473) (5.93381404876709 2.9171199314296246 2.6776010990142822) (5.93381404876709 2.9171199314296246 2.9926130771636963) (5.93381404876709 2.9171199314296246 3.3076250553131104) (5.93381404876709 2.9171199314296246 3.6226367950439453) (5.93381404876709 2.9171199314296246 3.9376487731933594) (5.93381404876709 2.9171199314296246 4.252660751342773) (5.93381404876709 2.9171199314296246 4.5676727294921875) (5.93381404876709 2.9171199314296246 4.882684707641602) (5.93381404876709 2.9171199314296246 5.197696208953857) (5.93381404876709 2.9171199314296246 5.5127081871032715) (6.242037773132324 2.9171199314296246 0.15750594437122345) (6.242037773132324 2.9171199314296246 0.47251781821250916) (6.242037773132324 2.9171199314296246 0.78752970695495605) (6.242037773132324 2.9171199314296246 1.1025416851043701) (6.242037773132324 2.9171199314296246 1.4175535440444946) (6.242037773132324 2.9171199314296246 1.7325654029846191) (6.242037773132324 2.9171199314296246 2.047577381134033) (6.242037773132324 2.9171199314296246 2.3625893592834473) (6.242037773132324 2.9171199314296246 2.6776010990142822) (6.242037773132324 2.9171199314296246 2.9926130771636963) (6.242037773132324 2.9171199314296246 3.3076250553131104) (6.242037773132324 2.9171199314296246 3.6226367950439453) (6.242037773132324 2.9171199314296246 3.9376487731933594) (6.242037773132324 2.9171199314296246 4.252660751342773) (6.242037773132324 2.9171199314296246 4.5676727294921875) (6.242037773132324 2.9171199314296246 4.882684707641602) (6.242037773132324 2.9171199314296246 5.197696208953857) (6.242037773132324 2.9171199314296246 5.5127081871032715) (6.5502610206604 2.9171199314296246 0.15750594437122345) (6.5502610206604 2.9171199314296246 0.47251781821250916) (6.5502610206604 2.9171199314296246 0.78752970695495605) (6.5502610206604 2.9171199314296246 1.1025416851043701) (6.5502610206604 2.9171199314296246 1.4175535440444946) (6.5502610206604 2.9171199314296246 1.7325654029846191) (6.5502610206604 2.9171199314296246 2.047577381134033) (6.5502610206604 2.9171199314296246 2.3625893592834473) (6.5502610206604 2.9171199314296246 2.6776010990142822) (6.5502610206604 2.9171199314296246 2.9926130771636963) (6.5502610206604 2.9171199314296246 3.3076250553131104) (6.5502610206604 2.9171199314296246 3.6226367950439453) (6.5502610206604 2.9171199314296246 3.9376487731933594) (6.5502610206604 2.9171199314296246 4.252660751342773) (6.5502610206604 2.9171199314296246 4.5676727294921875) (6.5502610206604 2.9171199314296246 4.882684707641602) (6.5502610206604 2.9171199314296246 5.197696208953857) (6.5502610206604 2.9171199314296246 5.5127081871032715) (6.858484745025635 2.9171199314296246 0.15750594437122345) (6.858484745025635 2.9171199314296246 0.47251781821250916) (6.858484745025635 2.9171199314296246 0.78752970695495605) (6.858484745025635 2.9171199314296246 1.1025416851043701) (6.858484745025635 2.9171199314296246 1.4175535440444946) (6.858484745025635 2.9171199314296246 1.7325654029846191) (6.858484745025635 2.9171199314296246 2.047577381134033) (6.858484745025635 2.9171199314296246 2.3625893592834473) (6.858484745025635 2.9171199314296246 2.6776010990142822) (6.858484745025635 2.9171199314296246 2.9926130771636963) (6.858484745025635 2.9171199314296246 3.3076250553131104) (6.858484745025635 2.9171199314296246 3.6226367950439453) (6.858484745025635 2.9171199314296246 3.9376487731933594) (6.858484745025635 2.9171199314296246 4.252660751342773) (6.858484745025635 2.9171199314296246 4.5676727294921875) (6.858484745025635 2.9171199314296246 4.882684707641602) (6.858484745025635 2.9171199314296246 5.197696208953857) (6.858484745025635 2.9171199314296246 5.5127081871032715) (7.166708469390869 2.9171199314296246 0.15750594437122345) (7.166708469390869 2.9171199314296246 0.47251781821250916) (7.166708469390869 2.9171199314296246 0.78752970695495605) (7.166708469390869 2.9171199314296246 1.1025416851043701) (7.166708469390869 2.9171199314296246 1.4175535440444946) (7.166708469390869 2.9171199314296246 1.7325654029846191) (7.166708469390869 2.9171199314296246 2.047577381134033) (7.166708469390869 2.9171199314296246 2.3625893592834473) (7.166708469390869 2.9171199314296246 2.6776010990142822) (7.166708469390869 2.9171199314296246 2.9926130771636963) (7.166708469390869 2.9171199314296246 3.3076250553131104) (7.166708469390869 2.9171199314296246 3.6226367950439453) (7.166708469390869 2.9171199314296246 3.9376487731933594) (7.166708469390869 2.9171199314296246 4.252660751342773) (7.166708469390869 2.9171199314296246 4.5676727294921875) (7.166708469390869 2.9171199314296246 4.882684707641602) (7.166708469390869 2.9171199314296246 5.197696208953857) (7.166708469390869 2.9171199314296246 5.5127081871032715) (7.4749321937561035 2.9171199314296246 0.15750594437122345) (7.4749321937561035 2.9171199314296246 0.47251781821250916) (7.4749321937561035 2.9171199314296246 0.78752970695495605) (7.4749321937561035 2.9171199314296246 1.1025416851043701) (7.4749321937561035 2.9171199314296246 1.4175535440444946) (7.4749321937561035 2.9171199314296246 1.7325654029846191) (7.4749321937561035 2.9171199314296246 2.047577381134033) (7.4749321937561035 2.9171199314296246 2.3625893592834473) (7.4749321937561035 2.9171199314296246 2.6776010990142822) (7.4749321937561035 2.9171199314296246 2.9926130771636963) (7.4749321937561035 2.9171199314296246 3.3076250553131104) (7.4749321937561035 2.9171199314296246 3.6226367950439453) (7.4749321937561035 2.9171199314296246 3.9376487731933594) (7.4749321937561035 2.9171199314296246 4.252660751342773) (7.4749321937561035 2.9171199314296246 4.5676727294921875) (7.4749321937561035 2.9171199314296246 4.882684707641602) (7.4749321937561035 2.9171199314296246 5.197696208953857) (7.4749321937561035 2.9171199314296246 5.5127081871032715) (7.783155918121338 2.9171199314296246 0.15750594437122345) (7.783155918121338 2.9171199314296246 0.47251781821250916) (7.783155918121338 2.9171199314296246 0.78752970695495605) (7.783155918121338 2.9171199314296246 1.1025416851043701) (7.783155918121338 2.9171199314296246 1.4175535440444946) (7.783155918121338 2.9171199314296246 1.7325654029846191) (7.783155918121338 2.9171199314296246 2.047577381134033) (7.783155918121338 2.9171199314296246 2.3625893592834473) (7.783155918121338 2.9171199314296246 2.6776010990142822) (7.783155918121338 2.9171199314296246 2.9926130771636963) (7.783155918121338 2.9171199314296246 3.3076250553131104) (7.783155918121338 2.9171199314296246 3.6226367950439453) (7.783155918121338 2.9171199314296246 3.9376487731933594) (7.783155918121338 2.9171199314296246 4.252660751342773) (7.783155918121338 2.9171199314296246 4.5676727294921875) (7.783155918121338 2.9171199314296246 4.882684707641602) (7.783155918121338 2.9171199314296246 5.197696208953857) (7.783155918121338 2.9171199314296246 5.5127081871032715) (8.091379165649414 2.9171199314296246 0.15750594437122345) (8.091379165649414 2.9171199314296246 0.47251781821250916) (8.091379165649414 2.9171199314296246 0.78752970695495605) (8.091379165649414 2.9171199314296246 1.1025416851043701) (8.091379165649414 2.9171199314296246 1.4175535440444946) (8.091379165649414 2.9171199314296246 1.7325654029846191) (8.091379165649414 2.9171199314296246 2.047577381134033) (8.091379165649414 2.9171199314296246 2.3625893592834473) (8.091379165649414 2.9171199314296246 2.6776010990142822) (8.091379165649414 2.9171199314296246 2.9926130771636963) (8.091379165649414 2.9171199314296246 3.3076250553131104) (8.091379165649414 2.9171199314296246 3.6226367950439453) (8.091379165649414 2.9171199314296246 3.9376487731933594) (8.091379165649414 2.9171199314296246 4.252660751342773) (8.091379165649414 2.9171199314296246 4.5676727294921875) (8.091379165649414 2.9171199314296246 4.882684707641602) (8.091379165649414 2.9171199314296246 5.197696208953857) (8.091379165649414 2.9171199314296246 5.5127081871032715) (8.399602890014648 2.9171199314296246 0.15750594437122345) (8.399602890014648 2.9171199314296246 0.47251781821250916) (8.399602890014648 2.9171199314296246 0.78752970695495605) (8.399602890014648 2.9171199314296246 1.1025416851043701) (8.399602890014648 2.9171199314296246 1.4175535440444946) (8.399602890014648 2.9171199314296246 1.7325654029846191) (8.399602890014648 2.9171199314296246 2.047577381134033) (8.399602890014648 2.9171199314296246 2.3625893592834473) (8.399602890014648 2.9171199314296246 2.6776010990142822) (8.399602890014648 2.9171199314296246 2.9926130771636963) (8.399602890014648 2.9171199314296246 3.3076250553131104) (8.399602890014648 2.9171199314296246 3.6226367950439453) (8.399602890014648 2.9171199314296246 3.9376487731933594) (8.399602890014648 2.9171199314296246 4.252660751342773) (8.399602890014648 2.9171199314296246 4.5676727294921875) (8.399602890014648 2.9171199314296246 4.882684707641602) (8.399602890014648 2.9171199314296246 5.197696208953857) (8.399602890014648 2.9171199314296246 5.5127081871032715) (1.3104585409164429 6.94712133333087 0.15750594437122345) (1.3104585409164429 6.94712133333087 0.47251781821250916) (1.3104585409164429 6.94712133333087 0.78752970695495605) (1.3104585409164429 6.94712133333087 1.1025416851043701) (1.3104585409164429 6.94712133333087 1.4175535440444946) (1.3104585409164429 6.94712133333087 1.7325654029846191) (1.3104585409164429 6.94712133333087 2.047577381134033) (1.3104585409164429 6.94712133333087 2.3625893592834473) (1.3104585409164429 6.94712133333087 2.6776010990142822) (1.3104585409164429 6.94712133333087 2.9926130771636963) (1.3104585409164429 6.94712133333087 3.3076250553131104) (1.3104585409164429 6.94712133333087 3.6226367950439453) (1.3104585409164429 6.94712133333087 3.9376487731933594) (1.3104585409164429 6.94712133333087 4.252660751342773) (1.3104585409164429 6.94712133333087 4.5676727294921875) (1.3104585409164429 6.94712133333087 4.882684707641602) (1.3104585409164429 6.94712133333087 5.197696208953857) (1.3104585409164429 6.94712133333087 5.5127081871032715) (1.6186821460723877 6.94712133333087 0.15750594437122345) (1.6186821460723877 6.94712133333087 0.47251781821250916) (1.6186821460723877 6.94712133333087 0.78752970695495605) (1.6186821460723877 6.94712133333087 1.1025416851043701) (1.6186821460723877 6.94712133333087 1.4175535440444946) (1.6186821460723877 6.94712133333087 1.7325654029846191) (1.6186821460723877 6.94712133333087 2.047577381134033) (1.6186821460723877 6.94712133333087 2.3625893592834473) (1.6186821460723877 6.94712133333087 2.6776010990142822) (1.6186821460723877 6.94712133333087 2.9926130771636963) (1.6186821460723877 6.94712133333087 3.3076250553131104) (1.6186821460723877 6.94712133333087 3.6226367950439453) (1.6186821460723877 6.94712133333087 3.9376487731933594) (1.6186821460723877 6.94712133333087 4.252660751342773) (1.6186821460723877 6.94712133333087 4.5676727294921875) (1.6186821460723877 6.94712133333087 4.882684707641602) (1.6186821460723877 6.94712133333087 5.197696208953857) (1.6186821460723877 6.94712133333087 5.5127081871032715) (1.926905870437622 6.94712133333087 0.15750594437122345) (1.926905870437622 6.94712133333087 0.47251781821250916) (1.926905870437622 6.94712133333087 0.78752970695495605) (1.926905870437622 6.94712133333087 1.1025416851043701) (1.926905870437622 6.94712133333087 1.4175535440444946) (1.926905870437622 6.94712133333087 1.7325654029846191) (1.926905870437622 6.94712133333087 2.047577381134033) (1.926905870437622 6.94712133333087 2.3625893592834473) (1.926905870437622 6.94712133333087 2.6776010990142822) (1.926905870437622 6.94712133333087 2.9926130771636963) (1.926905870437622 6.94712133333087 3.3076250553131104) (1.926905870437622 6.94712133333087 3.6226367950439453) (1.926905870437622 6.94712133333087 3.9376487731933594) (1.926905870437622 6.94712133333087 4.252660751342773) (1.926905870437622 6.94712133333087 4.5676727294921875) (1.926905870437622 6.94712133333087 4.882684707641602) (1.926905870437622 6.94712133333087 5.197696208953857) (1.926905870437622 6.94712133333087 5.5127081871032715) (2.2351295948028564 6.94712133333087 0.15750594437122345) (2.2351295948028564 6.94712133333087 0.47251781821250916) (2.2351295948028564 6.94712133333087 0.78752970695495605) (2.2351295948028564 6.94712133333087 1.1025416851043701) (2.2351295948028564 6.94712133333087 1.4175535440444946) (2.2351295948028564 6.94712133333087 1.7325654029846191) (2.2351295948028564 6.94712133333087 2.047577381134033) (2.2351295948028564 6.94712133333087 2.3625893592834473) (2.2351295948028564 6.94712133333087 2.6776010990142822) (2.2351295948028564 6.94712133333087 2.9926130771636963) (2.2351295948028564 6.94712133333087 3.3076250553131104) (2.2351295948028564 6.94712133333087 3.6226367950439453) (2.2351295948028564 6.94712133333087 3.9376487731933594) (2.2351295948028564 6.94712133333087 4.252660751342773) (2.2351295948028564 6.94712133333087 4.5676727294921875) (2.2351295948028564 6.94712133333087 4.882684707641602) (2.2351295948028564 6.94712133333087 5.197696208953857) (2.2351295948028564 6.94712133333087 5.5127081871032715) (2.543353319168091 6.94712133333087 0.15750594437122345) (2.543353319168091 6.94712133333087 0.47251781821250916) (2.543353319168091 6.94712133333087 0.78752970695495605) (2.543353319168091 6.94712133333087 1.1025416851043701) (2.543353319168091 6.94712133333087 1.4175535440444946) (2.543353319168091 6.94712133333087 1.7325654029846191) (2.543353319168091 6.94712133333087 2.047577381134033) (2.543353319168091 6.94712133333087 2.3625893592834473) (2.543353319168091 6.94712133333087 2.6776010990142822) (2.543353319168091 6.94712133333087 2.9926130771636963) (2.543353319168091 6.94712133333087 3.3076250553131104) (2.543353319168091 6.94712133333087 3.6226367950439453) (2.543353319168091 6.94712133333087 3.9376487731933594) (2.543353319168091 6.94712133333087 4.252660751342773) (2.543353319168091 6.94712133333087 4.5676727294921875) (2.543353319168091 6.94712133333087 4.882684707641602) (2.543353319168091 6.94712133333087 5.197696208953857) (2.543353319168091 6.94712133333087 5.5127081871032715) (2.851577043533325 6.94712133333087 0.15750594437122345) (2.851577043533325 6.94712133333087 0.47251781821250916) (2.851577043533325 6.94712133333087 0.78752970695495605) (2.851577043533325 6.94712133333087 1.1025416851043701) (2.851577043533325 6.94712133333087 1.4175535440444946) (2.851577043533325 6.94712133333087 1.7325654029846191) (2.851577043533325 6.94712133333087 2.047577381134033) (2.851577043533325 6.94712133333087 2.3625893592834473) (2.851577043533325 6.94712133333087 2.6776010990142822) (2.851577043533325 6.94712133333087 2.9926130771636963) (2.851577043533325 6.94712133333087 3.3076250553131104) (2.851577043533325 6.94712133333087 3.6226367950439453) (2.851577043533325 6.94712133333087 3.9376487731933594) (2.851577043533325 6.94712133333087 4.252660751342773) (2.851577043533325 6.94712133333087 4.5676727294921875) (2.851577043533325 6.94712133333087 4.882684707641602) (2.851577043533325 6.94712133333087 5.197696208953857) (2.851577043533325 6.94712133333087 5.5127081871032715) (3.1598005294799805 6.94712133333087 0.15750594437122345) (3.1598005294799805 6.94712133333087 0.47251781821250916) (3.1598005294799805 6.94712133333087 0.78752970695495605) (3.1598005294799805 6.94712133333087 1.1025416851043701) (3.1598005294799805 6.94712133333087 1.4175535440444946) (3.1598005294799805 6.94712133333087 1.7325654029846191) (3.1598005294799805 6.94712133333087 2.047577381134033) (3.1598005294799805 6.94712133333087 2.3625893592834473) (3.1598005294799805 6.94712133333087 2.6776010990142822) (3.1598005294799805 6.94712133333087 2.9926130771636963) (3.1598005294799805 6.94712133333087 3.3076250553131104) (3.1598005294799805 6.94712133333087 3.6226367950439453) (3.1598005294799805 6.94712133333087 3.9376487731933594) (3.1598005294799805 6.94712133333087 4.252660751342773) (3.1598005294799805 6.94712133333087 4.5676727294921875) (3.1598005294799805 6.94712133333087 4.882684707641602) (3.1598005294799805 6.94712133333087 5.197696208953857) (3.1598005294799805 6.94712133333087 5.5127081871032715) (3.468024253845215 6.94712133333087 0.15750594437122345) (3.468024253845215 6.94712133333087 0.47251781821250916) (3.468024253845215 6.94712133333087 0.78752970695495605) (3.468024253845215 6.94712133333087 1.1025416851043701) (3.468024253845215 6.94712133333087 1.4175535440444946) (3.468024253845215 6.94712133333087 1.7325654029846191) (3.468024253845215 6.94712133333087 2.047577381134033) (3.468024253845215 6.94712133333087 2.3625893592834473) (3.468024253845215 6.94712133333087 2.6776010990142822) (3.468024253845215 6.94712133333087 2.9926130771636963) (3.468024253845215 6.94712133333087 3.3076250553131104) (3.468024253845215 6.94712133333087 3.6226367950439453) (3.468024253845215 6.94712133333087 3.9376487731933594) (3.468024253845215 6.94712133333087 4.252660751342773) (3.468024253845215 6.94712133333087 4.5676727294921875) (3.468024253845215 6.94712133333087 4.882684707641602) (3.468024253845215 6.94712133333087 5.197696208953857) (3.468024253845215 6.94712133333087 5.5127081871032715) (3.776247978210449 6.94712133333087 0.15750594437122345) (3.776247978210449 6.94712133333087 0.47251781821250916) (3.776247978210449 6.94712133333087 0.78752970695495605) (3.776247978210449 6.94712133333087 1.1025416851043701) (3.776247978210449 6.94712133333087 1.4175535440444946) (3.776247978210449 6.94712133333087 1.7325654029846191) (3.776247978210449 6.94712133333087 2.047577381134033) (3.776247978210449 6.94712133333087 2.3625893592834473) (3.776247978210449 6.94712133333087 2.6776010990142822) (3.776247978210449 6.94712133333087 2.9926130771636963) (3.776247978210449 6.94712133333087 3.3076250553131104) (3.776247978210449 6.94712133333087 3.6226367950439453) (3.776247978210449 6.94712133333087 3.9376487731933594) (3.776247978210449 6.94712133333087 4.252660751342773) (3.776247978210449 6.94712133333087 4.5676727294921875) (3.776247978210449 6.94712133333087 4.882684707641602) (3.776247978210449 6.94712133333087 5.197696208953857) (3.776247978210449 6.94712133333087 5.5127081871032715) (4.084471702575684 6.94712133333087 0.15750594437122345) (4.084471702575684 6.94712133333087 0.47251781821250916) (4.084471702575684 6.94712133333087 0.78752970695495605) (4.084471702575684 6.94712133333087 1.1025416851043701) (4.084471702575684 6.94712133333087 1.4175535440444946) (4.084471702575684 6.94712133333087 1.7325654029846191) (4.084471702575684 6.94712133333087 2.047577381134033) (4.084471702575684 6.94712133333087 2.3625893592834473) (4.084471702575684 6.94712133333087 2.6776010990142822) (4.084471702575684 6.94712133333087 2.9926130771636963) (4.084471702575684 6.94712133333087 3.3076250553131104) (4.084471702575684 6.94712133333087 3.6226367950439453) (4.084471702575684 6.94712133333087 3.9376487731933594) (4.084471702575684 6.94712133333087 4.252660751342773) (4.084471702575684 6.94712133333087 4.5676727294921875) (4.084471702575684 6.94712133333087 4.882684707641602) (4.084471702575684 6.94712133333087 5.197696208953857) (4.084471702575684 6.94712133333087 5.5127081871032715) (4.392695426940918 6.94712133333087 0.15750594437122345) (4.392695426940918 6.94712133333087 0.47251781821250916) (4.392695426940918 6.94712133333087 0.78752970695495605) (4.392695426940918 6.94712133333087 1.1025416851043701) (4.392695426940918 6.94712133333087 1.4175535440444946) (4.392695426940918 6.94712133333087 1.7325654029846191) (4.392695426940918 6.94712133333087 2.047577381134033) (4.392695426940918 6.94712133333087 2.3625893592834473) (4.392695426940918 6.94712133333087 2.6776010990142822) (4.392695426940918 6.94712133333087 2.9926130771636963) (4.392695426940918 6.94712133333087 3.3076250553131104) (4.392695426940918 6.94712133333087 3.6226367950439453) (4.392695426940918 6.94712133333087 3.9376487731933594) (4.392695426940918 6.94712133333087 4.252660751342773) (4.392695426940918 6.94712133333087 4.5676727294921875) (4.392695426940918 6.94712133333087 4.882684707641602) (4.392695426940918 6.94712133333087 5.197696208953857) (4.392695426940918 6.94712133333087 5.5127081871032715) (4.700919151306152 6.94712133333087 0.15750594437122345) (4.700919151306152 6.94712133333087 0.47251781821250916) (4.700919151306152 6.94712133333087 0.78752970695495605) (4.700919151306152 6.94712133333087 1.1025416851043701) (4.700919151306152 6.94712133333087 1.4175535440444946) (4.700919151306152 6.94712133333087 1.7325654029846191) (4.700919151306152 6.94712133333087 2.047577381134033) (4.700919151306152 6.94712133333087 2.3625893592834473) (4.700919151306152 6.94712133333087 2.6776010990142822) (4.700919151306152 6.94712133333087 2.9926130771636963) (4.700919151306152 6.94712133333087 3.3076250553131104) (4.700919151306152 6.94712133333087 3.6226367950439453) (4.700919151306152 6.94712133333087 3.9376487731933594) (4.700919151306152 6.94712133333087 4.252660751342773) (4.700919151306152 6.94712133333087 4.5676727294921875) (4.700919151306152 6.94712133333087 4.882684707641602) (4.700919151306152 6.94712133333087 5.197696208953857) (4.700919151306152 6.94712133333087 5.5127081871032715) (5.009142875671387 6.94712133333087 0.15750594437122345) (5.009142875671387 6.94712133333087 0.47251781821250916) (5.009142875671387 6.94712133333087 0.78752970695495605) (5.009142875671387 6.94712133333087 1.1025416851043701) (5.009142875671387 6.94712133333087 1.4175535440444946) (5.009142875671387 6.94712133333087 1.7325654029846191) (5.009142875671387 6.94712133333087 2.047577381134033) (5.009142875671387 6.94712133333087 2.3625893592834473) (5.009142875671387 6.94712133333087 2.6776010990142822) (5.009142875671387 6.94712133333087 2.9926130771636963) (5.009142875671387 6.94712133333087 3.3076250553131104) (5.009142875671387 6.94712133333087 3.6226367950439453) (5.009142875671387 6.94712133333087 3.9376487731933594) (5.009142875671387 6.94712133333087 4.252660751342773) (5.009142875671387 6.94712133333087 4.5676727294921875) (5.009142875671387 6.94712133333087 4.882684707641602) (5.009142875671387 6.94712133333087 5.197696208953857) (5.009142875671387 6.94712133333087 5.5127081871032715) (5.317366600036621 6.94712133333087 0.15750594437122345) (5.317366600036621 6.94712133333087 0.47251781821250916) (5.317366600036621 6.94712133333087 0.78752970695495605) (5.317366600036621 6.94712133333087 1.1025416851043701) (5.317366600036621 6.94712133333087 1.4175535440444946) (5.317366600036621 6.94712133333087 1.7325654029846191) (5.317366600036621 6.94712133333087 2.047577381134033) (5.317366600036621 6.94712133333087 2.3625893592834473) (5.317366600036621 6.94712133333087 2.6776010990142822) (5.317366600036621 6.94712133333087 2.9926130771636963) (5.317366600036621 6.94712133333087 3.3076250553131104) (5.317366600036621 6.94712133333087 3.6226367950439453) (5.317366600036621 6.94712133333087 3.9376487731933594) (5.317366600036621 6.94712133333087 4.252660751342773) (5.317366600036621 6.94712133333087 4.5676727294921875) (5.317366600036621 6.94712133333087 4.882684707641602) (5.317366600036621 6.94712133333087 5.197696208953857) (5.317366600036621 6.94712133333087 5.5127081871032715) (5.6255903244018555 6.94712133333087 0.15750594437122345) (5.6255903244018555 6.94712133333087 0.47251781821250916) (5.6255903244018555 6.94712133333087 0.78752970695495605) (5.6255903244018555 6.94712133333087 1.1025416851043701) (5.6255903244018555 6.94712133333087 1.4175535440444946) (5.6255903244018555 6.94712133333087 1.7325654029846191) (5.6255903244018555 6.94712133333087 2.047577381134033) (5.6255903244018555 6.94712133333087 2.3625893592834473) (5.6255903244018555 6.94712133333087 2.6776010990142822) (5.6255903244018555 6.94712133333087 2.9926130771636963) (5.6255903244018555 6.94712133333087 3.3076250553131104) (5.6255903244018555 6.94712133333087 3.6226367950439453) (5.6255903244018555 6.94712133333087 3.9376487731933594) (5.6255903244018555 6.94712133333087 4.252660751342773) (5.6255903244018555 6.94712133333087 4.5676727294921875) (5.6255903244018555 6.94712133333087 4.882684707641602) (5.6255903244018555 6.94712133333087 5.197696208953857) (5.6255903244018555 6.94712133333087 5.5127081871032715) (5.93381404876709 6.94712133333087 0.15750594437122345) (5.93381404876709 6.94712133333087 0.47251781821250916) (5.93381404876709 6.94712133333087 0.78752970695495605) (5.93381404876709 6.94712133333087 1.1025416851043701) (5.93381404876709 6.94712133333087 1.4175535440444946) (5.93381404876709 6.94712133333087 1.7325654029846191) (5.93381404876709 6.94712133333087 2.047577381134033) (5.93381404876709 6.94712133333087 2.3625893592834473) (5.93381404876709 6.94712133333087 2.6776010990142822) (5.93381404876709 6.94712133333087 2.9926130771636963) (5.93381404876709 6.94712133333087 3.3076250553131104) (5.93381404876709 6.94712133333087 3.6226367950439453) (5.93381404876709 6.94712133333087 3.9376487731933594) (5.93381404876709 6.94712133333087 4.252660751342773) (5.93381404876709 6.94712133333087 4.5676727294921875) (5.93381404876709 6.94712133333087 4.882684707641602) (5.93381404876709 6.94712133333087 5.197696208953857) (5.93381404876709 6.94712133333087 5.5127081871032715) (6.242037773132324 6.94712133333087 0.15750594437122345) (6.242037773132324 6.94712133333087 0.47251781821250916) (6.242037773132324 6.94712133333087 0.78752970695495605) (6.242037773132324 6.94712133333087 1.1025416851043701) (6.242037773132324 6.94712133333087 1.4175535440444946) (6.242037773132324 6.94712133333087 1.7325654029846191) (6.242037773132324 6.94712133333087 2.047577381134033) (6.242037773132324 6.94712133333087 2.3625893592834473) (6.242037773132324 6.94712133333087 2.6776010990142822) (6.242037773132324 6.94712133333087 2.9926130771636963) (6.242037773132324 6.94712133333087 3.3076250553131104) (6.242037773132324 6.94712133333087 3.6226367950439453) (6.242037773132324 6.94712133333087 3.9376487731933594) (6.242037773132324 6.94712133333087 4.252660751342773) (6.242037773132324 6.94712133333087 4.5676727294921875) (6.242037773132324 6.94712133333087 4.882684707641602) (6.242037773132324 6.94712133333087 5.197696208953857) (6.242037773132324 6.94712133333087 5.5127081871032715) (6.5502610206604 6.94712133333087 0.15750594437122345) (6.5502610206604 6.94712133333087 0.47251781821250916) (6.5502610206604 6.94712133333087 0.78752970695495605) (6.5502610206604 6.94712133333087 1.1025416851043701) (6.5502610206604 6.94712133333087 1.4175535440444946) (6.5502610206604 6.94712133333087 1.7325654029846191) (6.5502610206604 6.94712133333087 2.047577381134033) (6.5502610206604 6.94712133333087 2.3625893592834473) (6.5502610206604 6.94712133333087 2.6776010990142822) (6.5502610206604 6.94712133333087 2.9926130771636963) (6.5502610206604 6.94712133333087 3.3076250553131104) (6.5502610206604 6.94712133333087 3.6226367950439453) (6.5502610206604 6.94712133333087 3.9376487731933594) (6.5502610206604 6.94712133333087 4.252660751342773) (6.5502610206604 6.94712133333087 4.5676727294921875) (6.5502610206604 6.94712133333087 4.882684707641602) (6.5502610206604 6.94712133333087 5.197696208953857) (6.5502610206604 6.94712133333087 5.5127081871032715) (6.858484745025635 6.94712133333087 0.15750594437122345) (6.858484745025635 6.94712133333087 0.47251781821250916) (6.858484745025635 6.94712133333087 0.78752970695495605) (6.858484745025635 6.94712133333087 1.1025416851043701) (6.858484745025635 6.94712133333087 1.4175535440444946) (6.858484745025635 6.94712133333087 1.7325654029846191) (6.858484745025635 6.94712133333087 2.047577381134033) (6.858484745025635 6.94712133333087 2.3625893592834473) (6.858484745025635 6.94712133333087 2.6776010990142822) (6.858484745025635 6.94712133333087 2.9926130771636963) (6.858484745025635 6.94712133333087 3.3076250553131104) (6.858484745025635 6.94712133333087 3.6226367950439453) (6.858484745025635 6.94712133333087 3.9376487731933594) (6.858484745025635 6.94712133333087 4.252660751342773) (6.858484745025635 6.94712133333087 4.5676727294921875) (6.858484745025635 6.94712133333087 4.882684707641602) (6.858484745025635 6.94712133333087 5.197696208953857) (6.858484745025635 6.94712133333087 5.5127081871032715) (7.166708469390869 6.94712133333087 0.15750594437122345) (7.166708469390869 6.94712133333087 0.47251781821250916) (7.166708469390869 6.94712133333087 0.78752970695495605) (7.166708469390869 6.94712133333087 1.1025416851043701) (7.166708469390869 6.94712133333087 1.4175535440444946) (7.166708469390869 6.94712133333087 1.7325654029846191) (7.166708469390869 6.94712133333087 2.047577381134033) (7.166708469390869 6.94712133333087 2.3625893592834473) (7.166708469390869 6.94712133333087 2.6776010990142822) (7.166708469390869 6.94712133333087 2.9926130771636963) (7.166708469390869 6.94712133333087 3.3076250553131104) (7.166708469390869 6.94712133333087 3.6226367950439453) (7.166708469390869 6.94712133333087 3.9376487731933594) (7.166708469390869 6.94712133333087 4.252660751342773) (7.166708469390869 6.94712133333087 4.5676727294921875) (7.166708469390869 6.94712133333087 4.882684707641602) (7.166708469390869 6.94712133333087 5.197696208953857) (7.166708469390869 6.94712133333087 5.5127081871032715) (7.4749321937561035 6.94712133333087 0.15750594437122345) (7.4749321937561035 6.94712133333087 0.47251781821250916) (7.4749321937561035 6.94712133333087 0.78752970695495605) (7.4749321937561035 6.94712133333087 1.1025416851043701) (7.4749321937561035 6.94712133333087 1.4175535440444946) (7.4749321937561035 6.94712133333087 1.7325654029846191) (7.4749321937561035 6.94712133333087 2.047577381134033) (7.4749321937561035 6.94712133333087 2.3625893592834473) (7.4749321937561035 6.94712133333087 2.6776010990142822) (7.4749321937561035 6.94712133333087 2.9926130771636963) (7.4749321937561035 6.94712133333087 3.3076250553131104) (7.4749321937561035 6.94712133333087 3.6226367950439453) (7.4749321937561035 6.94712133333087 3.9376487731933594) (7.4749321937561035 6.94712133333087 4.252660751342773) (7.4749321937561035 6.94712133333087 4.5676727294921875) (7.4749321937561035 6.94712133333087 4.882684707641602) (7.4749321937561035 6.94712133333087 5.197696208953857) (7.4749321937561035 6.94712133333087 5.5127081871032715) (7.783155918121338 6.94712133333087 0.15750594437122345) (7.783155918121338 6.94712133333087 0.47251781821250916) (7.783155918121338 6.94712133333087 0.78752970695495605) (7.783155918121338 6.94712133333087 1.1025416851043701) (7.783155918121338 6.94712133333087 1.4175535440444946) (7.783155918121338 6.94712133333087 1.7325654029846191) (7.783155918121338 6.94712133333087 2.047577381134033) (7.783155918121338 6.94712133333087 2.3625893592834473) (7.783155918121338 6.94712133333087 2.6776010990142822) (7.783155918121338 6.94712133333087 2.9926130771636963) (7.783155918121338 6.94712133333087 3.3076250553131104) (7.783155918121338 6.94712133333087 3.6226367950439453) (7.783155918121338 6.94712133333087 3.9376487731933594) (7.783155918121338 6.94712133333087 4.252660751342773) (7.783155918121338 6.94712133333087 4.5676727294921875) (7.783155918121338 6.94712133333087 4.882684707641602) (7.783155918121338 6.94712133333087 5.197696208953857) (7.783155918121338 6.94712133333087 5.5127081871032715) (8.091379165649414 6.94712133333087 0.15750594437122345) (8.091379165649414 6.94712133333087 0.47251781821250916) (8.091379165649414 6.94712133333087 0.78752970695495605) (8.091379165649414 6.94712133333087 1.1025416851043701) (8.091379165649414 6.94712133333087 1.4175535440444946) (8.091379165649414 6.94712133333087 1.7325654029846191) (8.091379165649414 6.94712133333087 2.047577381134033) (8.091379165649414 6.94712133333087 2.3625893592834473) (8.091379165649414 6.94712133333087 2.6776010990142822) (8.091379165649414 6.94712133333087 2.9926130771636963) (8.091379165649414 6.94712133333087 3.3076250553131104) (8.091379165649414 6.94712133333087 3.6226367950439453) (8.091379165649414 6.94712133333087 3.9376487731933594) (8.091379165649414 6.94712133333087 4.252660751342773) (8.091379165649414 6.94712133333087 4.5676727294921875) (8.091379165649414 6.94712133333087 4.882684707641602) (8.091379165649414 6.94712133333087 5.197696208953857) (8.091379165649414 6.94712133333087 5.5127081871032715) (8.399602890014648 6.94712133333087 0.15750594437122345) (8.399602890014648 6.94712133333087 0.47251781821250916) (8.399602890014648 6.94712133333087 0.78752970695495605) (8.399602890014648 6.94712133333087 1.1025416851043701) (8.399602890014648 6.94712133333087 1.4175535440444946) (8.399602890014648 6.94712133333087 1.7325654029846191) (8.399602890014648 6.94712133333087 2.047577381134033) (8.399602890014648 6.94712133333087 2.3625893592834473) (8.399602890014648 6.94712133333087 2.6776010990142822) (8.399602890014648 6.94712133333087 2.9926130771636963) (8.399602890014648 6.94712133333087 3.3076250553131104) (8.399602890014648 6.94712133333087 3.6226367950439453) (8.399602890014648 6.94712133333087 3.9376487731933594) (8.399602890014648 6.94712133333087 4.252660751342773) (8.399602890014648 6.94712133333087 4.5676727294921875) (8.399602890014648 6.94712133333087 4.882684707641602) (8.399602890014648 6.94712133333087 5.197696208953857) (8.399602890014648 6.94712133333087 5.5127081871032715) (1.224393367767334 1.36954665184021 1.502432156354189) (1.224393367767334 1.6776454448699951 1.502432156354189) (1.224393367767334 1.9857439994812012 1.502432156354189) (1.224393367767334 2.2938427925109863 1.502432156354189) (1.224393367767334 2.6019415855407715 1.502432156354189) (1.224393367767334 2.9100403785705566 1.502432156354189) (1.224393367767334 3.218139171600342 1.502432156354189) (1.224393367767334 3.526237964630127 1.502432156354189) (1.224393367767334 3.834336519241333 1.502432156354189) (1.224393367767334 4.142435073852539 1.502432156354189) (1.224393367767334 4.450533866882324 1.502432156354189) (1.224393367767334 4.758632659912109 1.502432156354189) (1.224393367767334 5.0667314529418945 1.502432156354189) (1.224393367767334 5.37483024597168 1.502432156354189) (1.224393367767334 5.682929039001465 1.502432156354189) (1.224393367767334 5.99102783203125 1.502432156354189) (1.224393367767334 6.299126625061035 1.502432156354189) (1.224393367767334 6.60722541809082 1.502432156354189) (1.224393367767334 6.9153242111206055 1.502432156354189) (1.224393367767334 7.223423004150391 1.502432156354189) (1.224393367767334 7.531521320343018 1.502432156354189) (1.224393367767334 7.8396196365356445 1.502432156354189) (1.224393367767334 8.14771842956543 1.502432156354189) (1.224393367767334 8.455818176269531 1.502432156354189) (1.224393367767334 8.763916015625 1.502432156354189) (1.5302382707595825 1.36954665184021 1.502432156354189) (1.5302382707595825 1.6776454448699951 1.502432156354189) (1.5302382707595825 1.9857439994812012 1.502432156354189) (1.5302382707595825 2.2938427925109863 1.502432156354189) (1.5302382707595825 2.6019415855407715 1.502432156354189) (1.5302382707595825 2.9100403785705566 1.502432156354189) (1.5302382707595825 3.218139171600342 1.502432156354189) (1.5302382707595825 3.526237964630127 1.502432156354189) (1.5302382707595825 3.834336519241333 1.502432156354189) (1.5302382707595825 4.142435073852539 1.502432156354189) (1.5302382707595825 4.450533866882324 1.502432156354189) (1.5302382707595825 4.758632659912109 1.502432156354189) (1.5302382707595825 5.0667314529418945 1.502432156354189) (1.5302382707595825 5.37483024597168 1.502432156354189) (1.5302382707595825 5.682929039001465 1.502432156354189) (1.5302382707595825 5.99102783203125 1.502432156354189) (1.5302382707595825 6.299126625061035 1.502432156354189) (1.5302382707595825 6.60722541809082 1.502432156354189) (1.5302382707595825 6.9153242111206055 1.502432156354189) (1.5302382707595825 7.223423004150391 1.502432156354189) (1.5302382707595825 7.531521320343018 1.502432156354189) (1.5302382707595825 7.8396196365356445 1.502432156354189) (1.5302382707595825 8.14771842956543 1.502432156354189) (1.5302382707595825 8.455818176269531 1.502432156354189) (1.5302382707595825 8.763916015625 1.502432156354189) (1.8360830545425415 1.36954665184021 1.502432156354189) (1.8360830545425415 1.6776454448699951 1.502432156354189) (1.8360830545425415 1.9857439994812012 1.502432156354189) (1.8360830545425415 2.2938427925109863 1.502432156354189) (1.8360830545425415 2.6019415855407715 1.502432156354189) (1.8360830545425415 2.9100403785705566 1.502432156354189) (1.8360830545425415 3.218139171600342 1.502432156354189) (1.8360830545425415 3.526237964630127 1.502432156354189) (1.8360830545425415 3.834336519241333 1.502432156354189) (1.8360830545425415 4.142435073852539 1.502432156354189) (1.8360830545425415 4.450533866882324 1.502432156354189) (1.8360830545425415 4.758632659912109 1.502432156354189) (1.8360830545425415 5.0667314529418945 1.502432156354189) (1.8360830545425415 5.37483024597168 1.502432156354189) (1.8360830545425415 5.682929039001465 1.502432156354189) (1.8360830545425415 5.99102783203125 1.502432156354189) (1.8360830545425415 6.299126625061035 1.502432156354189) (1.8360830545425415 6.60722541809082 1.502432156354189) (1.8360830545425415 6.9153242111206055 1.502432156354189) (1.8360830545425415 7.223423004150391 1.502432156354189) (1.8360830545425415 7.531521320343018 1.502432156354189) (1.8360830545425415 7.8396196365356445 1.502432156354189) (1.8360830545425415 8.14771842956543 1.502432156354189) (1.8360830545425415 8.455818176269531 1.502432156354189) (1.8360830545425415 8.763916015625 1.502432156354189) (2.14192795753479 1.36954665184021 1.502432156354189) (2.14192795753479 1.6776454448699951 1.502432156354189) (2.14192795753479 1.9857439994812012 1.502432156354189) (2.14192795753479 2.2938427925109863 1.502432156354189) (2.14192795753479 2.6019415855407715 1.502432156354189) (2.14192795753479 2.9100403785705566 1.502432156354189) (2.14192795753479 3.218139171600342 1.502432156354189) (2.14192795753479 3.526237964630127 1.502432156354189) (2.14192795753479 3.834336519241333 1.502432156354189) (2.14192795753479 4.142435073852539 1.502432156354189) (2.14192795753479 4.450533866882324 1.502432156354189) (2.14192795753479 4.758632659912109 1.502432156354189) (2.14192795753479 5.0667314529418945 1.502432156354189) (2.14192795753479 5.37483024597168 1.502432156354189) (2.14192795753479 5.682929039001465 1.502432156354189) (2.14192795753479 5.99102783203125 1.502432156354189) (2.14192795753479 6.299126625061035 1.502432156354189) (2.14192795753479 6.60722541809082 1.502432156354189) (2.14192795753479 6.9153242111206055 1.502432156354189) (2.14192795753479 7.223423004150391 1.502432156354189) (2.14192795753479 7.531521320343018 1.502432156354189) (2.14192795753479 7.8396196365356445 1.502432156354189) (2.14192795753479 8.14771842956543 1.502432156354189) (2.14192795753479 8.455818176269531 1.502432156354189) (2.14192795753479 8.763916015625 1.502432156354189) (2.447772741317749 1.36954665184021 1.502432156354189) (2.447772741317749 1.6776454448699951 1.502432156354189) (2.447772741317749 1.9857439994812012 1.502432156354189) (2.447772741317749 2.2938427925109863 1.502432156354189) (2.447772741317749 2.6019415855407715 1.502432156354189) (2.447772741317749 2.9100403785705566 1.502432156354189) (2.447772741317749 3.218139171600342 1.502432156354189) (2.447772741317749 3.526237964630127 1.502432156354189) (2.447772741317749 3.834336519241333 1.502432156354189) (2.447772741317749 4.142435073852539 1.502432156354189) (2.447772741317749 4.450533866882324 1.502432156354189) (2.447772741317749 4.758632659912109 1.502432156354189) (2.447772741317749 5.0667314529418945 1.502432156354189) (2.447772741317749 5.37483024597168 1.502432156354189) (2.447772741317749 5.682929039001465 1.502432156354189) (2.447772741317749 5.99102783203125 1.502432156354189) (2.447772741317749 6.299126625061035 1.502432156354189) (2.447772741317749 6.60722541809082 1.502432156354189) (2.447772741317749 6.9153242111206055 1.502432156354189) (2.447772741317749 7.223423004150391 1.502432156354189) (2.447772741317749 7.531521320343018 1.502432156354189) (2.447772741317749 7.8396196365356445 1.502432156354189) (2.447772741317749 8.14771842956543 1.502432156354189) (2.447772741317749 8.455818176269531 1.502432156354189) (2.447772741317749 8.763916015625 1.502432156354189) (2.753617525100708 1.36954665184021 1.502432156354189) (2.753617525100708 1.6776454448699951 1.502432156354189) (2.753617525100708 1.9857439994812012 1.502432156354189) (2.753617525100708 2.2938427925109863 1.502432156354189) (2.753617525100708 2.6019415855407715 1.502432156354189) (2.753617525100708 2.9100403785705566 1.502432156354189) (2.753617525100708 3.218139171600342 1.502432156354189) (2.753617525100708 3.526237964630127 1.502432156354189) (2.753617525100708 3.834336519241333 1.502432156354189) (2.753617525100708 4.142435073852539 1.502432156354189) (2.753617525100708 4.450533866882324 1.502432156354189) (2.753617525100708 4.758632659912109 1.502432156354189) (2.753617525100708 5.0667314529418945 1.502432156354189) (2.753617525100708 5.37483024597168 1.502432156354189) (2.753617525100708 5.682929039001465 1.502432156354189) (2.753617525100708 5.99102783203125 1.502432156354189) (2.753617525100708 6.299126625061035 1.502432156354189) (2.753617525100708 6.60722541809082 1.502432156354189) (2.753617525100708 6.9153242111206055 1.502432156354189) (2.753617525100708 7.223423004150391 1.502432156354189) (2.753617525100708 7.531521320343018 1.502432156354189) (2.753617525100708 7.8396196365356445 1.502432156354189) (2.753617525100708 8.14771842956543 1.502432156354189) (2.753617525100708 8.455818176269531 1.502432156354189) (2.753617525100708 8.763916015625 1.502432156354189) (3.059462547302246 1.36954665184021 1.502432156354189) (3.059462547302246 1.6776454448699951 1.502432156354189) (3.059462547302246 1.9857439994812012 1.502432156354189) (3.059462547302246 2.2938427925109863 1.502432156354189) (3.059462547302246 2.6019415855407715 1.502432156354189) (3.059462547302246 2.9100403785705566 1.502432156354189) (3.059462547302246 3.218139171600342 1.502432156354189) (3.059462547302246 3.526237964630127 1.502432156354189) (3.059462547302246 3.834336519241333 1.502432156354189) (3.059462547302246 4.142435073852539 1.502432156354189) (3.059462547302246 4.450533866882324 1.502432156354189) (3.059462547302246 4.758632659912109 1.502432156354189) (3.059462547302246 5.0667314529418945 1.502432156354189) (3.059462547302246 5.37483024597168 1.502432156354189) (3.059462547302246 5.682929039001465 1.502432156354189) (3.059462547302246 5.99102783203125 1.502432156354189) (3.059462547302246 6.299126625061035 1.502432156354189) (3.059462547302246 6.60722541809082 1.502432156354189) (3.059462547302246 6.9153242111206055 1.502432156354189) (3.059462547302246 7.223423004150391 1.502432156354189) (3.059462547302246 7.531521320343018 1.502432156354189) (3.059462547302246 7.8396196365356445 1.502432156354189) (3.059462547302246 8.14771842956543 1.502432156354189) (3.059462547302246 8.455818176269531 1.502432156354189) (3.059462547302246 8.763916015625 1.502432156354189) (3.365307092666626 1.36954665184021 1.502432156354189) (3.365307092666626 1.6776454448699951 1.502432156354189) (3.365307092666626 1.9857439994812012 1.502432156354189) (3.365307092666626 2.2938427925109863 1.502432156354189) (3.365307092666626 2.6019415855407715 1.502432156354189) (3.365307092666626 2.9100403785705566 1.502432156354189) (3.365307092666626 3.218139171600342 1.502432156354189) (3.365307092666626 3.526237964630127 1.502432156354189) (3.365307092666626 3.834336519241333 1.502432156354189) (3.365307092666626 4.142435073852539 1.502432156354189) (3.365307092666626 4.450533866882324 1.502432156354189) (3.365307092666626 4.758632659912109 1.502432156354189) (3.365307092666626 5.0667314529418945 1.502432156354189) (3.365307092666626 5.37483024597168 1.502432156354189) (3.365307092666626 5.682929039001465 1.502432156354189) (3.365307092666626 5.99102783203125 1.502432156354189) (3.365307092666626 6.299126625061035 1.502432156354189) (3.365307092666626 6.60722541809082 1.502432156354189) (3.365307092666626 6.9153242111206055 1.502432156354189) (3.365307092666626 7.223423004150391 1.502432156354189) (3.365307092666626 7.531521320343018 1.502432156354189) (3.365307092666626 7.8396196365356445 1.502432156354189) (3.365307092666626 8.14771842956543 1.502432156354189) (3.365307092666626 8.455818176269531 1.502432156354189) (3.365307092666626 8.763916015625 1.502432156354189) (3.671151638031006 1.36954665184021 1.502432156354189) (3.671151638031006 1.6776454448699951 1.502432156354189) (3.671151638031006 1.9857439994812012 1.502432156354189) (3.671151638031006 2.2938427925109863 1.502432156354189) (3.671151638031006 2.6019415855407715 1.502432156354189) (3.671151638031006 2.9100403785705566 1.502432156354189) (3.671151638031006 3.218139171600342 1.502432156354189) (3.671151638031006 3.526237964630127 1.502432156354189) (3.671151638031006 3.834336519241333 1.502432156354189) (3.671151638031006 4.142435073852539 1.502432156354189) (3.671151638031006 4.450533866882324 1.502432156354189) (3.671151638031006 4.758632659912109 1.502432156354189) (3.671151638031006 5.0667314529418945 1.502432156354189) (3.671151638031006 5.37483024597168 1.502432156354189) (3.671151638031006 5.682929039001465 1.502432156354189) (3.671151638031006 5.99102783203125 1.502432156354189) (3.671151638031006 6.299126625061035 1.502432156354189) (3.671151638031006 6.60722541809082 1.502432156354189) (3.671151638031006 6.9153242111206055 1.502432156354189) (3.671151638031006 7.223423004150391 1.502432156354189) (3.671151638031006 7.531521320343018 1.502432156354189) (3.671151638031006 7.8396196365356445 1.502432156354189) (3.671151638031006 8.14771842956543 1.502432156354189) (3.671151638031006 8.455818176269531 1.502432156354189) (3.671151638031006 8.763916015625 1.502432156354189) (3.976996660232544 1.36954665184021 1.502432156354189) (3.976996660232544 1.6776454448699951 1.502432156354189) (3.976996660232544 1.9857439994812012 1.502432156354189) (3.976996660232544 2.2938427925109863 1.502432156354189) (3.976996660232544 2.6019415855407715 1.502432156354189) (3.976996660232544 2.9100403785705566 1.502432156354189) (3.976996660232544 3.218139171600342 1.502432156354189) (3.976996660232544 3.526237964630127 1.502432156354189) (3.976996660232544 3.834336519241333 1.502432156354189) (3.976996660232544 4.142435073852539 1.502432156354189) (3.976996660232544 4.450533866882324 1.502432156354189) (3.976996660232544 4.758632659912109 1.502432156354189) (3.976996660232544 5.0667314529418945 1.502432156354189) (3.976996660232544 5.37483024597168 1.502432156354189) (3.976996660232544 5.682929039001465 1.502432156354189) (3.976996660232544 5.99102783203125 1.502432156354189) (3.976996660232544 6.299126625061035 1.502432156354189) (3.976996660232544 6.60722541809082 1.502432156354189) (3.976996660232544 6.9153242111206055 1.502432156354189) (3.976996660232544 7.223423004150391 1.502432156354189) (3.976996660232544 7.531521320343018 1.502432156354189) (3.976996660232544 7.8396196365356445 1.502432156354189) (3.976996660232544 8.14771842956543 1.502432156354189) (3.976996660232544 8.455818176269531 1.502432156354189) (3.976996660232544 8.763916015625 1.502432156354189) (4.282841682434082 1.36954665184021 1.502432156354189) (4.282841682434082 1.6776454448699951 1.502432156354189) (4.282841682434082 1.9857439994812012 1.502432156354189) (4.282841682434082 2.2938427925109863 1.502432156354189) (4.282841682434082 2.6019415855407715 1.502432156354189) (4.282841682434082 2.9100403785705566 1.502432156354189) (4.282841682434082 3.218139171600342 1.502432156354189) (4.282841682434082 3.526237964630127 1.502432156354189) (4.282841682434082 3.834336519241333 1.502432156354189) (4.282841682434082 4.142435073852539 1.502432156354189) (4.282841682434082 4.450533866882324 1.502432156354189) (4.282841682434082 4.758632659912109 1.502432156354189) (4.282841682434082 5.0667314529418945 1.502432156354189) (4.282841682434082 5.37483024597168 1.502432156354189) (4.282841682434082 5.682929039001465 1.502432156354189) (4.282841682434082 5.99102783203125 1.502432156354189) (4.282841682434082 6.299126625061035 1.502432156354189) (4.282841682434082 6.60722541809082 1.502432156354189) (4.282841682434082 6.9153242111206055 1.502432156354189) (4.282841682434082 7.223423004150391 1.502432156354189) (4.282841682434082 7.531521320343018 1.502432156354189) (4.282841682434082 7.8396196365356445 1.502432156354189) (4.282841682434082 8.14771842956543 1.502432156354189) (4.282841682434082 8.455818176269531 1.502432156354189) (4.282841682434082 8.763916015625 1.502432156354189) (4.588685989379883 1.36954665184021 1.502432156354189) (4.588685989379883 1.6776454448699951 1.502432156354189) (4.588685989379883 1.9857439994812012 1.502432156354189) (4.588685989379883 2.2938427925109863 1.502432156354189) (4.588685989379883 2.6019415855407715 1.502432156354189) (4.588685989379883 2.9100403785705566 1.502432156354189) (4.588685989379883 3.218139171600342 1.502432156354189) (4.588685989379883 3.526237964630127 1.502432156354189) (4.588685989379883 3.834336519241333 1.502432156354189) (4.588685989379883 4.142435073852539 1.502432156354189) (4.588685989379883 4.450533866882324 1.502432156354189) (4.588685989379883 4.758632659912109 1.502432156354189) (4.588685989379883 5.0667314529418945 1.502432156354189) (4.588685989379883 5.37483024597168 1.502432156354189) (4.588685989379883 5.682929039001465 1.502432156354189) (4.588685989379883 5.99102783203125 1.502432156354189) (4.588685989379883 6.299126625061035 1.502432156354189) (4.588685989379883 6.60722541809082 1.502432156354189) (4.588685989379883 6.9153242111206055 1.502432156354189) (4.588685989379883 7.223423004150391 1.502432156354189) (4.588685989379883 7.531521320343018 1.502432156354189) (4.588685989379883 7.8396196365356445 1.502432156354189) (4.588685989379883 8.14771842956543 1.502432156354189) (4.588685989379883 8.455818176269531 1.502432156354189) (4.588685989379883 8.763916015625 1.502432156354189) (4.89453125 1.36954665184021 1.502432156354189) (4.89453125 1.6776454448699951 1.502432156354189) (4.89453125 1.9857439994812012 1.502432156354189) (4.89453125 2.2938427925109863 1.502432156354189) (4.89453125 2.6019415855407715 1.502432156354189) (4.89453125 2.9100403785705566 1.502432156354189) (4.89453125 3.218139171600342 1.502432156354189) (4.89453125 3.526237964630127 1.502432156354189) (4.89453125 3.834336519241333 1.502432156354189) (4.89453125 4.142435073852539 1.502432156354189) (4.89453125 4.450533866882324 1.502432156354189) (4.89453125 4.758632659912109 1.502432156354189) (4.89453125 5.0667314529418945 1.502432156354189) (4.89453125 5.37483024597168 1.502432156354189) (4.89453125 5.682929039001465 1.502432156354189) (4.89453125 5.99102783203125 1.502432156354189) (4.89453125 6.299126625061035 1.502432156354189) (4.89453125 6.60722541809082 1.502432156354189) (4.89453125 6.9153242111206055 1.502432156354189) (4.89453125 7.223423004150391 1.502432156354189) (4.89453125 7.531521320343018 1.502432156354189) (4.89453125 7.8396196365356445 1.502432156354189) (4.89453125 8.14771842956543 1.502432156354189) (4.89453125 8.455818176269531 1.502432156354189) (4.89453125 8.763916015625 1.502432156354189) (5.200375556945801 1.36954665184021 1.502432156354189) (5.200375556945801 1.6776454448699951 1.502432156354189) (5.200375556945801 1.9857439994812012 1.502432156354189) (5.200375556945801 2.2938427925109863 1.502432156354189) (5.200375556945801 2.6019415855407715 1.502432156354189) (5.200375556945801 2.9100403785705566 1.502432156354189) (5.200375556945801 3.218139171600342 1.502432156354189) (5.200375556945801 3.526237964630127 1.502432156354189) (5.200375556945801 3.834336519241333 1.502432156354189) (5.200375556945801 4.142435073852539 1.502432156354189) (5.200375556945801 4.450533866882324 1.502432156354189) (5.200375556945801 4.758632659912109 1.502432156354189) (5.200375556945801 5.0667314529418945 1.502432156354189) (5.200375556945801 5.37483024597168 1.502432156354189) (5.200375556945801 5.682929039001465 1.502432156354189) (5.200375556945801 5.99102783203125 1.502432156354189) (5.200375556945801 6.299126625061035 1.502432156354189) (5.200375556945801 6.60722541809082 1.502432156354189) (5.200375556945801 6.9153242111206055 1.502432156354189) (5.200375556945801 7.223423004150391 1.502432156354189) (5.200375556945801 7.531521320343018 1.502432156354189) (5.200375556945801 7.8396196365356445 1.502432156354189) (5.200375556945801 8.14771842956543 1.502432156354189) (5.200375556945801 8.455818176269531 1.502432156354189) (5.200375556945801 8.763916015625 1.502432156354189) (5.506220817565918 1.36954665184021 1.502432156354189) (5.506220817565918 1.6776454448699951 1.502432156354189) (5.506220817565918 1.9857439994812012 1.502432156354189) (5.506220817565918 2.2938427925109863 1.502432156354189) (5.506220817565918 2.6019415855407715 1.502432156354189) (5.506220817565918 2.9100403785705566 1.502432156354189) (5.506220817565918 3.218139171600342 1.502432156354189) (5.506220817565918 3.526237964630127 1.502432156354189) (5.506220817565918 3.834336519241333 1.502432156354189) (5.506220817565918 4.142435073852539 1.502432156354189) (5.506220817565918 4.450533866882324 1.502432156354189) (5.506220817565918 4.758632659912109 1.502432156354189) (5.506220817565918 5.0667314529418945 1.502432156354189) (5.506220817565918 5.37483024597168 1.502432156354189) (5.506220817565918 5.682929039001465 1.502432156354189) (5.506220817565918 5.99102783203125 1.502432156354189) (5.506220817565918 6.299126625061035 1.502432156354189) (5.506220817565918 6.60722541809082 1.502432156354189) (5.506220817565918 6.9153242111206055 1.502432156354189) (5.506220817565918 7.223423004150391 1.502432156354189) (5.506220817565918 7.531521320343018 1.502432156354189) (5.506220817565918 7.8396196365356445 1.502432156354189) (5.506220817565918 8.14771842956543 1.502432156354189) (5.506220817565918 8.455818176269531 1.502432156354189) (5.506220817565918 8.763916015625 1.502432156354189) (5.812065124511719 1.36954665184021 1.502432156354189) (5.812065124511719 1.6776454448699951 1.502432156354189) (5.812065124511719 1.9857439994812012 1.502432156354189) (5.812065124511719 2.2938427925109863 1.502432156354189) (5.812065124511719 2.6019415855407715 1.502432156354189) (5.812065124511719 2.9100403785705566 1.502432156354189) (5.812065124511719 3.218139171600342 1.502432156354189) (5.812065124511719 3.526237964630127 1.502432156354189) (5.812065124511719 3.834336519241333 1.502432156354189) (5.812065124511719 4.142435073852539 1.502432156354189) (5.812065124511719 4.450533866882324 1.502432156354189) (5.812065124511719 4.758632659912109 1.502432156354189) (5.812065124511719 5.0667314529418945 1.502432156354189) (5.812065124511719 5.37483024597168 1.502432156354189) (5.812065124511719 5.682929039001465 1.502432156354189) (5.812065124511719 5.99102783203125 1.502432156354189) (5.812065124511719 6.299126625061035 1.502432156354189) (5.812065124511719 6.60722541809082 1.502432156354189) (5.812065124511719 6.9153242111206055 1.502432156354189) (5.812065124511719 7.223423004150391 1.502432156354189) (5.812065124511719 7.531521320343018 1.502432156354189) (5.812065124511719 7.8396196365356445 1.502432156354189) (5.812065124511719 8.14771842956543 1.502432156354189) (5.812065124511719 8.455818176269531 1.502432156354189) (5.812065124511719 8.763916015625 1.502432156354189) (6.117910385131836 1.36954665184021 1.502432156354189) (6.117910385131836 1.6776454448699951 1.502432156354189) (6.117910385131836 1.9857439994812012 1.502432156354189) (6.117910385131836 2.2938427925109863 1.502432156354189) (6.117910385131836 2.6019415855407715 1.502432156354189) (6.117910385131836 2.9100403785705566 1.502432156354189) (6.117910385131836 3.218139171600342 1.502432156354189) (6.117910385131836 3.526237964630127 1.502432156354189) (6.117910385131836 3.834336519241333 1.502432156354189) (6.117910385131836 4.142435073852539 1.502432156354189) (6.117910385131836 4.450533866882324 1.502432156354189) (6.117910385131836 4.758632659912109 1.502432156354189) (6.117910385131836 5.0667314529418945 1.502432156354189) (6.117910385131836 5.37483024597168 1.502432156354189) (6.117910385131836 5.682929039001465 1.502432156354189) (6.117910385131836 5.99102783203125 1.502432156354189) (6.117910385131836 6.299126625061035 1.502432156354189) (6.117910385131836 6.60722541809082 1.502432156354189) (6.117910385131836 6.9153242111206055 1.502432156354189) (6.117910385131836 7.223423004150391 1.502432156354189) (6.117910385131836 7.531521320343018 1.502432156354189) (6.117910385131836 7.8396196365356445 1.502432156354189) (6.117910385131836 8.14771842956543 1.502432156354189) (6.117910385131836 8.455818176269531 1.502432156354189) (6.117910385131836 8.763916015625 1.502432156354189) (6.423754692077637 1.36954665184021 1.502432156354189) (6.423754692077637 1.6776454448699951 1.502432156354189) (6.423754692077637 1.9857439994812012 1.502432156354189) (6.423754692077637 2.2938427925109863 1.502432156354189) (6.423754692077637 2.6019415855407715 1.502432156354189) (6.423754692077637 2.9100403785705566 1.502432156354189) (6.423754692077637 3.218139171600342 1.502432156354189) (6.423754692077637 3.526237964630127 1.502432156354189) (6.423754692077637 3.834336519241333 1.502432156354189) (6.423754692077637 4.142435073852539 1.502432156354189) (6.423754692077637 4.450533866882324 1.502432156354189) (6.423754692077637 4.758632659912109 1.502432156354189) (6.423754692077637 5.0667314529418945 1.502432156354189) (6.423754692077637 5.37483024597168 1.502432156354189) (6.423754692077637 5.682929039001465 1.502432156354189) (6.423754692077637 5.99102783203125 1.502432156354189) (6.423754692077637 6.299126625061035 1.502432156354189) (6.423754692077637 6.60722541809082 1.502432156354189) (6.423754692077637 6.9153242111206055 1.502432156354189) (6.423754692077637 7.223423004150391 1.502432156354189) (6.423754692077637 7.531521320343018 1.502432156354189) (6.423754692077637 7.8396196365356445 1.502432156354189) (6.423754692077637 8.14771842956543 1.502432156354189) (6.423754692077637 8.455818176269531 1.502432156354189) (6.423754692077637 8.763916015625 1.502432156354189) (6.729599952697754 1.36954665184021 1.502432156354189) (6.729599952697754 1.6776454448699951 1.502432156354189) (6.729599952697754 1.9857439994812012 1.502432156354189) (6.729599952697754 2.2938427925109863 1.502432156354189) (6.729599952697754 2.6019415855407715 1.502432156354189) (6.729599952697754 2.9100403785705566 1.502432156354189) (6.729599952697754 3.218139171600342 1.502432156354189) (6.729599952697754 3.526237964630127 1.502432156354189) (6.729599952697754 3.834336519241333 1.502432156354189) (6.729599952697754 4.142435073852539 1.502432156354189) (6.729599952697754 4.450533866882324 1.502432156354189) (6.729599952697754 4.758632659912109 1.502432156354189) (6.729599952697754 5.0667314529418945 1.502432156354189) (6.729599952697754 5.37483024597168 1.502432156354189) (6.729599952697754 5.682929039001465 1.502432156354189) (6.729599952697754 5.99102783203125 1.502432156354189) (6.729599952697754 6.299126625061035 1.502432156354189) (6.729599952697754 6.60722541809082 1.502432156354189) (6.729599952697754 6.9153242111206055 1.502432156354189) (6.729599952697754 7.223423004150391 1.502432156354189) (6.729599952697754 7.531521320343018 1.502432156354189) (6.729599952697754 7.8396196365356445 1.502432156354189) (6.729599952697754 8.14771842956543 1.502432156354189) (6.729599952697754 8.455818176269531 1.502432156354189) (6.729599952697754 8.763916015625 1.502432156354189) (7.035445213317871 1.36954665184021 1.502432156354189) (7.035445213317871 1.6776454448699951 1.502432156354189) (7.035445213317871 1.9857439994812012 1.502432156354189) (7.035445213317871 2.2938427925109863 1.502432156354189) (7.035445213317871 2.6019415855407715 1.502432156354189) (7.035445213317871 2.9100403785705566 1.502432156354189) (7.035445213317871 3.218139171600342 1.502432156354189) (7.035445213317871 3.526237964630127 1.502432156354189) (7.035445213317871 3.834336519241333 1.502432156354189) (7.035445213317871 4.142435073852539 1.502432156354189) (7.035445213317871 4.450533866882324 1.502432156354189) (7.035445213317871 4.758632659912109 1.502432156354189) (7.035445213317871 5.0667314529418945 1.502432156354189) (7.035445213317871 5.37483024597168 1.502432156354189) (7.035445213317871 5.682929039001465 1.502432156354189) (7.035445213317871 5.99102783203125 1.502432156354189) (7.035445213317871 6.299126625061035 1.502432156354189) (7.035445213317871 6.60722541809082 1.502432156354189) (7.035445213317871 6.9153242111206055 1.502432156354189) (7.035445213317871 7.223423004150391 1.502432156354189) (7.035445213317871 7.531521320343018 1.502432156354189) (7.035445213317871 7.8396196365356445 1.502432156354189) (7.035445213317871 8.14771842956543 1.502432156354189) (7.035445213317871 8.455818176269531 1.502432156354189) (7.035445213317871 8.763916015625 1.502432156354189) (7.341289520263672 1.36954665184021 1.502432156354189) (7.341289520263672 1.6776454448699951 1.502432156354189) (7.341289520263672 1.9857439994812012 1.502432156354189) (7.341289520263672 2.2938427925109863 1.502432156354189) (7.341289520263672 2.6019415855407715 1.502432156354189) (7.341289520263672 2.9100403785705566 1.502432156354189) (7.341289520263672 3.218139171600342 1.502432156354189) (7.341289520263672 3.526237964630127 1.502432156354189) (7.341289520263672 3.834336519241333 1.502432156354189) (7.341289520263672 4.142435073852539 1.502432156354189) (7.341289520263672 4.450533866882324 1.502432156354189) (7.341289520263672 4.758632659912109 1.502432156354189) (7.341289520263672 5.0667314529418945 1.502432156354189) (7.341289520263672 5.37483024597168 1.502432156354189) (7.341289520263672 5.682929039001465 1.502432156354189) (7.341289520263672 5.99102783203125 1.502432156354189) (7.341289520263672 6.299126625061035 1.502432156354189) (7.341289520263672 6.60722541809082 1.502432156354189) (7.341289520263672 6.9153242111206055 1.502432156354189) (7.341289520263672 7.223423004150391 1.502432156354189) (7.341289520263672 7.531521320343018 1.502432156354189) (7.341289520263672 7.8396196365356445 1.502432156354189) (7.341289520263672 8.14771842956543 1.502432156354189) (7.341289520263672 8.455818176269531 1.502432156354189) (7.341289520263672 8.763916015625 1.502432156354189) (7.647134780883789 1.36954665184021 1.502432156354189) (7.647134780883789 1.6776454448699951 1.502432156354189) (7.647134780883789 1.9857439994812012 1.502432156354189) (7.647134780883789 2.2938427925109863 1.502432156354189) (7.647134780883789 2.6019415855407715 1.502432156354189) (7.647134780883789 2.9100403785705566 1.502432156354189) (7.647134780883789 3.218139171600342 1.502432156354189) (7.647134780883789 3.526237964630127 1.502432156354189) (7.647134780883789 3.834336519241333 1.502432156354189) (7.647134780883789 4.142435073852539 1.502432156354189) (7.647134780883789 4.450533866882324 1.502432156354189) (7.647134780883789 4.758632659912109 1.502432156354189) (7.647134780883789 5.0667314529418945 1.502432156354189) (7.647134780883789 5.37483024597168 1.502432156354189) (7.647134780883789 5.682929039001465 1.502432156354189) (7.647134780883789 5.99102783203125 1.502432156354189) (7.647134780883789 6.299126625061035 1.502432156354189) (7.647134780883789 6.60722541809082 1.502432156354189) (7.647134780883789 6.9153242111206055 1.502432156354189) (7.647134780883789 7.223423004150391 1.502432156354189) (7.647134780883789 7.531521320343018 1.502432156354189) (7.647134780883789 7.8396196365356445 1.502432156354189) (7.647134780883789 8.14771842956543 1.502432156354189) (7.647134780883789 8.455818176269531 1.502432156354189) (7.647134780883789 8.763916015625 1.502432156354189) (7.95297908782959 1.36954665184021 1.502432156354189) (7.95297908782959 1.6776454448699951 1.502432156354189) (7.95297908782959 1.9857439994812012 1.502432156354189) (7.95297908782959 2.2938427925109863 1.502432156354189) (7.95297908782959 2.6019415855407715 1.502432156354189) (7.95297908782959 2.9100403785705566 1.502432156354189) (7.95297908782959 3.218139171600342 1.502432156354189) (7.95297908782959 3.526237964630127 1.502432156354189) (7.95297908782959 3.834336519241333 1.502432156354189) (7.95297908782959 4.142435073852539 1.502432156354189) (7.95297908782959 4.450533866882324 1.502432156354189) (7.95297908782959 4.758632659912109 1.502432156354189) (7.95297908782959 5.0667314529418945 1.502432156354189) (7.95297908782959 5.37483024597168 1.502432156354189) (7.95297908782959 5.682929039001465 1.502432156354189) (7.95297908782959 5.99102783203125 1.502432156354189) (7.95297908782959 6.299126625061035 1.502432156354189) (7.95297908782959 6.60722541809082 1.502432156354189) (7.95297908782959 6.9153242111206055 1.502432156354189) (7.95297908782959 7.223423004150391 1.502432156354189) (7.95297908782959 7.531521320343018 1.502432156354189) (7.95297908782959 7.8396196365356445 1.502432156354189) (7.95297908782959 8.14771842956543 1.502432156354189) (7.95297908782959 8.455818176269531 1.502432156354189) (7.95297908782959 8.763916015625 1.502432156354189) (8.258823394775391 1.36954665184021 1.502432156354189) (8.258823394775391 1.6776454448699951 1.502432156354189) (8.258823394775391 1.9857439994812012 1.502432156354189) (8.258823394775391 2.2938427925109863 1.502432156354189) (8.258823394775391 2.6019415855407715 1.502432156354189) (8.258823394775391 2.9100403785705566 1.502432156354189) (8.258823394775391 3.218139171600342 1.502432156354189) (8.258823394775391 3.526237964630127 1.502432156354189) (8.258823394775391 3.834336519241333 1.502432156354189) (8.258823394775391 4.142435073852539 1.502432156354189) (8.258823394775391 4.450533866882324 1.502432156354189) (8.258823394775391 4.758632659912109 1.502432156354189) (8.258823394775391 5.0667314529418945 1.502432156354189) (8.258823394775391 5.37483024597168 1.502432156354189) (8.258823394775391 5.682929039001465 1.502432156354189) (8.258823394775391 5.99102783203125 1.502432156354189) (8.258823394775391 6.299126625061035 1.502432156354189) (8.258823394775391 6.60722541809082 1.502432156354189) (8.258823394775391 6.9153242111206055 1.502432156354189) (8.258823394775391 7.223423004150391 1.502432156354189) (8.258823394775391 7.531521320343018 1.502432156354189) (8.258823394775391 7.8396196365356445 1.502432156354189) (8.258823394775391 8.14771842956543 1.502432156354189) (8.258823394775391 8.455818176269531 1.502432156354189) (8.258823394775391 8.763916015625 1.502432156354189) (8.564668655395508 1.36954665184021 1.502432156354189) (8.564668655395508 1.6776454448699951 1.502432156354189) (8.564668655395508 1.9857439994812012 1.502432156354189) (8.564668655395508 2.2938427925109863 1.502432156354189) (8.564668655395508 2.6019415855407715 1.502432156354189) (8.564668655395508 2.9100403785705566 1.502432156354189) (8.564668655395508 3.218139171600342 1.502432156354189) (8.564668655395508 3.526237964630127 1.502432156354189) (8.564668655395508 3.834336519241333 1.502432156354189) (8.564668655395508 4.142435073852539 1.502432156354189) (8.564668655395508 4.450533866882324 1.502432156354189) (8.564668655395508 4.758632659912109 1.502432156354189) (8.564668655395508 5.0667314529418945 1.502432156354189) (8.564668655395508 5.37483024597168 1.502432156354189) (8.564668655395508 5.682929039001465 1.502432156354189) (8.564668655395508 5.99102783203125 1.502432156354189) (8.564668655395508 6.299126625061035 1.502432156354189) (8.564668655395508 6.60722541809082 1.502432156354189) (8.564668655395508 6.9153242111206055 1.502432156354189) (8.564668655395508 7.223423004150391 1.502432156354189) (8.564668655395508 7.531521320343018 1.502432156354189) (8.564668655395508 7.8396196365356445 1.502432156354189) (8.564668655395508 8.14771842956543 1.502432156354189) (8.564668655395508 8.455818176269531 1.502432156354189) (8.564668655395508 8.763916015625 1.502432156354189));

        writeControl		timeStep;

        writeInterval		1;

    }

}